1.000000000000000078e-15 1.000000000000000000e+00
1.002004008016042086e-01 9.999987397306022707e-01
2.004008016032074180e-01 9.999949576132249884e-01
3.006012024048106412e-01 9.999886498056235196e-01
4.008016032064138368e-01 9.999798097845642442e-01
5.010020040080170878e-01 9.999684284436891613e-01
6.012024048096202833e-01 9.999544940656432956e-01
7.014028056112234788e-01 9.999379923052907904e-01
8.016032064128266743e-01 9.999189061511862819e-01
9.018036072144298698e-01 9.998972159950928473e-01
1.002004008016033287e+00 9.998728994833158135e-01
1.102204408817636372e+00 9.998459314891060545e-01
1.202404809619239678e+00 9.998162842613305124e-01
1.302605210420842763e+00 9.997839272420291357e-01
1.402805611222446069e+00 9.997488270665411125e-01
1.503006012024049154e+00 9.997109474932655004e-01
1.603206412825652460e+00 9.996702494370655057e-01
1.703406813627255767e+00 9.996266909711220006e-01
1.803607214428858851e+00 9.995802271095217684e-01
1.903807615230462158e+00 9.995308097884159082e-01
2.004008016032065242e+00 9.994783880550032196e-01
2.104208416833668327e+00 9.994229077856198185e-01
2.204408817635271411e+00 9.993643114535631922e-01
2.304609218436874496e+00 9.993025385616199907e-01
2.404809619238478025e+00 9.992375251193191810e-01
2.505010020040081109e+00 9.991692041942890068e-01
2.605210420841684194e+00 9.990975045704166835e-01
2.705410821643287722e+00 9.990223523305997722e-01
2.805611222444890807e+00 9.989436695403445254e-01
2.905811623246493891e+00 9.988613745692955792e-01
3.006012024048096976e+00 9.987753820102680535e-01
3.106212424849700504e+00 9.986856025405064230e-01
3.206412825651303589e+00 9.985919429869364317e-01
3.306613226452906673e+00 9.984943060285748073e-01
3.406813627254510202e+00 9.983925901360229949e-01
3.507014028056113286e+00 9.982866894820411341e-01
3.607214428857716371e+00 9.981764938328355763e-01
3.707414829659319455e+00 9.980618884423969606e-01
3.807615230460922984e+00 9.979427539385135049e-01
3.907815631262526068e+00 9.978189661130542065e-01
4.008016032064129597e+00 9.976903957489225983e-01
4.108216432865732237e+00 9.975569086571685062e-01
4.208416833667335766e+00 9.974183654757792228e-01
4.308617234468939294e+00 9.972746213708246765e-01
4.408817635270541935e+00 9.971255259476451416e-01
4.509018036072145463e+00 9.969709232167272006e-01
4.609218436873748104e+00 9.968106513659071855e-01
4.709418837675351632e+00 9.966445423591634434e-01
4.809619238476955161e+00 9.964724219830458640e-01
4.909819639278557801e+00 9.962941097146172931e-01
5.010020040080161330e+00 9.961094184875840529e-01
5.110220440881764858e+00 9.959181542903801088e-01
5.210420841683367499e+00 9.957201158900488291e-01
5.310621242484971027e+00 9.955150950237778851e-01
5.410821643286574556e+00 9.953028760206231729e-01
5.511022044088177196e+00 9.950832355064491708e-01
5.611222444889780725e+00 9.948559417993723120e-01
5.711422845691384254e+00 9.946207552153660814e-01
5.811623246492986894e+00 9.943774277077354062e-01
5.911823647294590423e+00 9.941257025737911812e-01
6.012024048096193063e+00 9.938653137563500106e-01
6.112224448897796591e+00 9.935959859028089536e-01
6.212424849699400120e+00 9.933174342568730220e-01
6.312625250501002760e+00 9.930293642431402557e-01
6.412825651302606289e+00 9.927314710198213987e-01
6.513026052104209818e+00 9.924234384539878384e-01
6.613226452905812458e+00 9.921049403623736218e-01
6.713426853707415987e+00 9.917756391180357900e-01
6.813627254509019515e+00 9.914351855590782803e-01
6.913827655310622156e+00 9.910832180829908244e-01
7.014028056112225684e+00 9.907193629058728135e-01
7.114228456913828325e+00 9.903432335408833831e-01
7.214428857715431853e+00 9.899544302997440592e-01
7.314629258517035382e+00 9.895525398517549531e-01
7.414829659318638022e+00 9.891371348211350778e-01
7.515030060120241551e+00 9.887077732816337283e-01
7.615230460921845079e+00 9.882639982482982477e-01
7.715430861723447720e+00 9.878053371937315363e-01
7.815631262525051248e+00 9.873313015298934570e-01
7.915831663326654777e+00 9.868413863244905881e-01
8.016032064128259194e+00 9.863350699426910451e-01
8.116232464929861834e+00 9.858118129608820501e-01
8.216432865731464474e+00 9.852710578385844853e-01
8.316633266533068891e+00 9.847122283460413295e-01
8.416833667334671532e+00 9.841347289761062100e-01
8.517034068136274172e+00 9.835379443577765279e-01
8.617234468937878589e+00 9.829212385960860443e-01
8.717434869739481229e+00 9.822839546354714679e-01
8.817635270541083869e+00 9.816254135990392093e-01
8.917835671342688286e+00 9.809449141077247747e-01
9.018036072144290927e+00 9.802417315993395830e-01
9.118236472945893567e+00 9.795151175930111309e-01
9.218436873747496207e+00 9.787642989471477817e-01
9.318637274549100624e+00 9.779884771060544102e-01
9.418837675350703265e+00 9.771868273214663336e-01
9.519038076152305905e+00 9.763584979096465721e-01
9.619238476953910322e+00 9.755026094426759720e-01
9.719438877755512962e+00 9.746182538312420096e-01
9.819639278557115603e+00 9.737044935065157780e-01
9.919839679358720019e+00 9.727603605418368993e-01
1.002004008016032266e+01 9.717848557863307812e-01
1.012024048096192530e+01 9.707769480591407207e-01
1.022044088176352972e+01 9.697355730762426962e-01
1.032064128256513236e+01 9.686596325366709781e-01
1.042084168336673500e+01 9.675479931790211818e-01
1.052104208416833941e+01 9.663994858597870774e-01
1.062124248496994205e+01 9.652129044546499115e-01
1.072144288577154470e+01 9.639870048566685501e-01
1.082164328657314911e+01 9.627205039848468759e-01
1.092184368737475175e+01 9.614120788667600559e-01
1.102204408817635439e+01 9.600603653707929785e-01
1.112224448897795881e+01 9.586639571745515509e-01
1.122244488977956145e+01 9.572214047442679785e-01
1.132264529058116409e+01 9.557312144163588874e-01
1.142284569138276851e+01 9.541918470011649944e-01
1.152304609218437115e+01 9.526017167355680382e-01
1.162324649298597379e+01 9.509591902624060511e-01
1.172344689378757643e+01 9.492625857448966364e-01
1.182364729458918085e+01 9.475101713466760334e-01
1.192384769539078349e+01 9.457001642060236524e-01
1.202404809619238613e+01 9.438307294637460210e-01
1.212424849699399054e+01 9.418999794646548684e-01
1.222444889779559318e+01 9.399059721163234293e-01
1.232464929859719582e+01 9.378467099421456954e-01
1.242484969939880024e+01 9.357201392369779436e-01
1.252505010020040288e+01 9.335241494286915520e-01
1.262525050100200552e+01 9.312565712885431113e-01
1.272545090180360994e+01 9.289151761550329400e-01
1.282565130260521258e+01 9.264976751828419843e-01
1.292585170340681522e+01 9.240017192635980869e-01
1.302605210420841964e+01 9.214248969865608263e-01
1.312625250501002228e+01 9.187647340834372844e-01
1.322645290581162492e+01 9.160186928519548077e-01
1.332665330661322933e+01 9.131841726888539901e-01
1.342685370741483197e+01 9.102585081001358658e-01
1.352705410821643461e+01 9.072389683190733578e-01
1.362725450901803903e+01 9.041227570518793888e-01
1.372745490981964167e+01 9.009070137549973767e-01
1.382765531062124431e+01 8.975888119807511334e-01
1.392785571142284873e+01 8.941651591170447499e-01
1.402805611222445137e+01 8.906329966708692591e-01
1.412825651302605401e+01 8.869892023442207396e-01
1.422845691382765665e+01 8.832305892170608796e-01
1.432865731462926107e+01 8.793539054811807532e-01
1.442885771543086371e+01 8.753558355565609350e-01
1.452905811623246635e+01 8.712330029456873959e-01
1.462925851703407076e+01 8.669819709668546981e-01
1.472945891783567340e+01 8.625992422768011814e-01
1.482965931863727604e+01 8.580812611964804271e-01
1.492985971943888046e+01 8.534244172686292762e-01
1.503006012024048310e+01 8.486250483909018039e-01
1.513026052104208574e+01 8.436794399332961936e-01
1.523046092184369016e+01 8.385838286309749146e-01
1.533066132264529280e+01 8.333344069843219293e-01
1.543086172344689544e+01 8.279273292033310083e-01
1.553106212424849986e+01 8.223587103055932657e-01
1.563126252505010250e+01 8.166246316490060053e-01
1.573146292585170514e+01 8.107211466286999846e-01
1.583166332665330955e+01 8.046442887650071540e-01
1.593186372745491219e+01 7.983900730881581254e-01
1.603206412825651483e+01 7.919545017616370641e-01
1.613226452905811570e+01 7.853335717223217660e-01
1.623246492985972012e+01 7.785232862234118256e-01
1.633266533066132453e+01 7.715196566151292235e-01
1.643286573146292540e+01 7.643187110673836937e-01
1.653306613226452981e+01 7.569165035468871094e-01
1.663326653306613423e+01 7.493091232064815754e-01
1.673346693386773509e+01 7.414927057743023742e-01
1.683366733466933951e+01 7.334634417206907786e-01
1.693386773547094393e+01 7.252175877987155905e-01
1.703406813627254479e+01 7.167514788332813858e-01
1.713426853707414921e+01 7.080615380905855849e-01
1.723446893787575362e+01 6.991442847660902515e-01
1.733466933867735449e+01 6.899963544244541724e-01
1.743486973947895891e+01 6.806145101207191628e-01
1.753507014028056332e+01 6.709956561283352272e-01
1.763527054108216419e+01 6.611368508238796293e-01
1.773547094188376860e+01 6.510353189079614022e-01
1.783567134268537302e+01 6.406884712036789997e-01
1.793587174348697388e+01 6.300939185074354576e-01
1.803607214428857830e+01 6.192494874491908385e-01
1.813627254509017916e+01 6.081532345299939246e-01
1.823647294589178358e+01 5.968034607129892866e-01
1.833667334669338800e+01 5.851987323058965851e-01
1.843687374749498886e+01 5.733378957697671252e-01
1.853707414829659328e+01 5.612200944616646536e-01
1.863727454909819770e+01 5.488447809541381339e-01
1.873747494989979856e+01 5.362117326100831471e-01
1.883767535070140298e+01 5.233210733279184401e-01
1.893787575150300739e+01 5.101732867737391874e-01
1.903807615230460826e+01 4.967692319465973338e-01
1.913827655310621267e+01 4.831101508355140628e-01
1.923847695390781709e+01 4.691976844068059260e-01
1.933867735470941795e+01 4.550338915335078172e-01
1.943887775551102237e+01 4.406212584942774124e-01
1.953907815631262679e+01 4.259627106040978495e-01
1.963927855711422765e+01 4.110616143869108563e-01
1.973947895791583207e+01 3.959217894340217869e-01
1.983967935871743649e+01 3.805475194020688789e-01
1.993987975951903735e+01 3.649435555799967479e-01
2.004008016032064177e+01 3.491151200257714970e-01
2.014028056112224618e+01 3.330679085932422012e-01
2.024048096192384705e+01 3.168080927766217525e-01
2.034068136272545146e+01 3.003423186954404800e-01
2.044088176352705588e+01 2.836776996776037008e-01
2.054108216432865675e+01 2.668218116508201954e-01
2.064128256513026116e+01 2.497826900442313702e-01
2.074148296593186558e+01 2.325688188465790118e-01
2.084168336673346644e+01 2.151891175671524492e-01
2.094188376753507086e+01 1.976529275147377862e-01
2.104208416833667528e+01 1.799699982329570624e-01
2.114228456913827614e+01 1.621504689521691411e-01
2.124248496993988056e+01 1.442048482176863933e-01
2.134268537074148497e+01 1.261439917862919591e-01
2.144288577154308584e+01 1.079790797206461733e-01
2.154308617234469025e+01 8.972159030158970150e-02
2.164328657314629467e+01 7.138327346587357292e-02
2.174348697394789554e+01 5.297612246429559552e-02
2.184368737474949995e+01 3.451234165815888350e-02
2.194388777555110437e+01 1.600431511164930251e-02
2.204408817635270523e+01 -2.535424490860665580e-03
2.214428857715430965e+01 -2.109422738407238165e-02
2.224448897795591407e+01 -3.965936637206147336e-02
2.234468937875751493e+01 -5.821807076217797722e-02
2.244488977955911935e+01 -7.675755952071371124e-02
2.254509018036072376e+01 -9.526507251192556369e-02
2.264529058116232463e+01 -1.137279144666931696e-01
2.274549098196392904e+01 -1.321334882790390353e-01
2.284569138276553346e+01 -1.504693273954091637e-01
2.294589178356713433e+01 -1.687231235806491147e-01
2.304609218436873874e+01 -1.868827709676542659e-01
2.314629258517033961e+01 -2.049363957733191521e-01
2.324649298597194402e+01 -2.228723850390811057e-01
2.334669338677354844e+01 -2.406794085164371266e-01
2.344689378757514930e+01 -2.583464583381075985e-01
2.354709418837675372e+01 -2.758628727722905460e-01
2.364729458917835814e+01 -2.932183588622546133e-01
2.374749498997995900e+01 -3.104030071285805437e-01
2.384769539078156342e+01 -3.274073229486823555e-01
2.394789579158316783e+01 -3.442222428202944551e-01
2.404809619238476870e+01 -3.608391492522387556e-01
2.414829659318637312e+01 -3.772498780628623094e-01
2.424849699398797753e+01 -3.934467388709099178e-01
2.434869739478957840e+01 -4.094225232606207299e-01
2.444889779559118281e+01 -4.251705112968765521e-01
2.454909819639278723e+01 -4.406844720517985592e-01
2.464929859719438809e+01 -4.559586723368330152e-01
2.474949899799599251e+01 -4.709878770122374325e-01
2.484969939879759693e+01 -4.857673475274880137e-01
2.494989979959919779e+01 -5.002928368279425664e-01
2.505010020040080221e+01 -5.145605871676705023e-01
2.515030060120240663e+01 -5.285673234882924953e-01
2.525050100200400749e+01 -5.423102452256205463e-01
2.535070140280561191e+01 -5.557870169615132250e-01
2.545090180360721632e+01 -5.689957574635405857e-01
2.555110220440881719e+01 -5.819350275298340591e-01
2.565130260521042160e+01 -5.946038168292667736e-01
2.575150300601202602e+01 -6.070015316599753907e-01
2.585170340681362688e+01 -6.191279780530110077e-01
2.595190380761523130e+01 -6.309833457335325413e-01
2.605210420841683572e+01 -6.425681919399385267e-01
2.615230460921843658e+01 -6.538834275285719810e-01
2.625250501002004100e+01 -6.649302970445197802e-01
2.635270541082164542e+01 -6.757103604995871038e-01
2.645290581162324628e+01 -6.862254759935327852e-01
2.655310621242485070e+01 -6.964777852330077401e-01
2.665330661322645511e+01 -7.064696930631184646e-01
2.675350701402805598e+01 -7.162038486387279912e-01
2.685370741482966039e+01 -7.256831283458275994e-01
2.695390781563126481e+01 -7.349106216151741755e-01
2.705410821643286567e+01 -7.438896117431730293e-01
2.715430861723447009e+01 -7.526235577778678243e-01
2.725450901803607451e+01 -7.611160788292312684e-01
2.735470941883767537e+01 -7.693709412624778476e-01
2.745490981963927979e+01 -7.773920413407550134e-01
2.755511022044088421e+01 -7.851833885978468652e-01
2.765531062124248507e+01 -7.927490922619433444e-01
2.775551102204408949e+01 -8.000933484401376861e-01
2.785571142284569390e+01 -8.072204311750105221e-01
2.795591182364729477e+01 -8.141346736501166026e-01
2.805611222444889918e+01 -8.208404577774985889e-01
2.815631262525050360e+01 -8.273422029959351942e-01
2.825651302605210446e+01 -8.336443578825515344e-01
2.835671342685370888e+01 -8.397513891216428217e-01
2.845691382765530975e+01 -8.456677701848782647e-01
2.855711422845691416e+01 -8.513979732984845450e-01
2.865731462925851858e+01 -8.569464614265160929e-01
2.875751503006011944e+01 -8.623176825315982397e-01
2.885771543086172386e+01 -8.675160597491009540e-01
2.895791583166332828e+01 -8.725459852895109947e-01
2.905811623246492914e+01 -8.774118144569811317e-01
2.915831663326653356e+01 -8.821178608623486683e-01
2.925851703406813797e+01 -8.866683912266200007e-01
2.935871743486973884e+01 -8.910676198443945317e-01
2.945891783567134325e+01 -8.953197048089155397e-01
2.955911823647294767e+01 -8.994287443000987814e-01
2.965931863727454854e+01 -9.033987737394951756e-01
2.975951903807615295e+01 -9.072337622201316343e-01
2.985971943887775737e+01 -9.109376099967001483e-01
2.995991983967935823e+01 -9.145141462851438252e-01
3.006012024048096265e+01 -9.179671273886927940e-01
3.016032064128256707e+01 -9.213002350900325599e-01
3.026052104208416793e+01 -9.245170752262027447e-01
3.036072144288577235e+01 -9.276211766622374233e-01
3.046092184368737676e+01 -9.306159904592083976e-01
3.056112224448897763e+01 -9.335048891310179231e-01
3.066132264529058205e+01 -9.362911664345489049e-01
3.076152304609218646e+01 -9.389780371864414610e-01
3.086172344689378733e+01 -9.415686372560579942e-01
3.096192384769539174e+01 -9.440660236036990671e-01
3.106212424849699616e+01 -9.464731745069093760e-01
3.116232464929859702e+01 -9.487929903236042017e-01
3.126252505010020144e+01 -9.510282939745504649e-01
3.136272545090180586e+01 -9.531818316413748216e-01
3.146292585170340672e+01 -9.552562732741830542e-01
3.156312625250501114e+01 -9.572542137899668901e-01
3.166332665330661555e+01 -9.591781740795380928e-01
3.176352705410821642e+01 -9.610306020234581359e-01
3.186372745490982084e+01 -9.628138734190071490e-01
3.196392785571142525e+01 -9.645302929914070234e-01
3.206412825651302967e+01 -9.661820962169285210e-01
3.216432865731462698e+01 -9.677714503593277673e-01
3.226452905811623140e+01 -9.693004557885073202e-01
3.236472945891783581e+01 -9.707711473383719980e-01
3.246492985971944023e+01 -9.721854954824488138e-01
3.256513026052104465e+01 -9.735454066681021867e-01
3.266533066132264906e+01 -9.748527263143009769e-01
3.276553106212424638e+01 -9.761092398221464794e-01
3.286573146292585079e+01 -9.773166738454132085e-01
3.296593186372745521e+01 -9.784766977024935697e-01
3.306613226452905963e+01 -9.795909247578660217e-01
3.316633266533066404e+01 -9.806609129683304671e-01
3.326653306613226846e+01 -9.816881670670521975e-01
3.336673346693386577e+01 -9.826741401351967165e-01
3.346693386773547019e+01 -9.836202346863620605e-01
3.356713426853707460e+01 -9.845278040067956260e-01
3.366733466933867902e+01 -9.853981534776656837e-01
3.376753507014028344e+01 -9.862325414936881085e-01
3.386773547094188785e+01 -9.870321806864073011e-01
3.396793587174348517e+01 -9.877982398471648606e-01
3.406813627254508958e+01 -9.885318448134104985e-01
3.416833667334669400e+01 -9.892340796683773974e-01
3.426853707414829842e+01 -9.899059879170312160e-01
3.436873747494990283e+01 -9.905485735245526113e-01
3.446893787575150725e+01 -9.911628017056737239e-01
3.456913827655310456e+01 -9.917496006209600701e-01
3.466933867735470898e+01 -9.923098622410179148e-01
3.476953907815631339e+01 -9.928444433484960863e-01
3.486973947895791781e+01 -9.933541665437971568e-01
3.496993987975952223e+01 -9.938398212045793656e-01
3.507014028056112664e+01 -9.943021641848738268e-01
3.517034068136272396e+01 -9.947419210270714851e-01
3.527054108216432837e+01 -9.951597868458804674e-01
3.537074148296593279e+01 -9.955564271293831924e-01
3.547094188376753721e+01 -9.959324785712999617e-01
3.557114228456914162e+01 -9.962885498746778534e-01
3.567134268537074604e+01 -9.966252224194483977e-01
3.577154308617234335e+01 -9.969430510591673622e-01
3.587174348697394777e+01 -9.972425649500672451e-01
3.597194388777555218e+01 -9.975242681767718667e-01
3.607214428857715660e+01 -9.977886404187026326e-01
3.617234468937876102e+01 -9.980361375897147669e-01
3.627254509018035833e+01 -9.982671924248172068e-01
3.637274549098196275e+01 -9.984822150286776221e-01
3.647294589178356716e+01 -9.986815935422026502e-01
3.657314629258517158e+01 -9.988656946383307478e-01
3.667334669338677600e+01 -9.990348640319138829e-01
3.677354709418838041e+01 -9.991894269680632323e-01
3.687374749498997772e+01 -9.993296886824243330e-01
3.697394789579158214e+01 -9.994559348142301181e-01
3.707414829659318656e+01 -9.995684318699314952e-01
3.717434869739479097e+01 -9.996674276096103595e-01
3.727454909819639539e+01 -9.997531514140785003e-01
3.737474949899799981e+01 -9.998258146352319020e-01
3.747494989979959712e+01 -9.998856109241430756e-01
3.757515030060120154e+01 -9.999327165313601773e-01
3.767535070140280595e+01 -9.999672906031701336e-01
3.777555110220441037e+01 -9.999894754495948224e-01
3.787575150300601479e+01 -9.999993967852198740e-01
3.797595190380761920e+01 -9.999971639533534740e-01
3.807615230460921651e+01 -9.999828701298251188e-01
3.817635270541082093e+01 -9.999565925087874341e-01
3.827655310621242535e+01 -9.999183924726006145e-01
3.837675350701402976e+01 -9.998683157330144899e-01
3.847695390781563418e+01 -9.998063924577230699e-01
3.857715430861723860e+01 -9.997326373771506791e-01
3.867735470941883591e+01 -9.996470498720254616e-01
3.877755511022044033e+01 -9.995496140418915765e-01
3.887775551102204474e+01 -9.994402987560065954e-01
3.897795591182364916e+01 -9.993190577132107233e-01
3.907815631262525358e+01 -9.991858294346582792e-01
3.917835671342685799e+01 -9.990405372554456154e-01
3.927855711422845530e+01 -9.988830893092339736e-01
3.937875751503005972e+01 -9.987133784884333343e-01
3.947895791583166414e+01 -9.985312823862323439e-01
3.957915831663326856e+01 -9.983366632204890845e-01
3.967935871743487297e+01 -9.981293677470085557e-01
3.977955911823647739e+01 -9.979092271619709464e-01
3.987975951903807470e+01 -9.976760569464467876e-01
3.997995991983967912e+01 -9.974296567291935922e-01
4.008016032064128353e+01 -9.971698101224745203e-01
4.018036072144288795e+01 -9.968962845390592076e-01
4.028056112224449237e+01 -9.966088309910768883e-01
4.038076152304609678e+01 -9.963071838713156714e-01
4.048096192384769410e+01 -9.959910607449671271e-01
4.058116232464929851e+01 -9.956601620732783431e-01
4.068136272545090293e+01 -9.953141709307552487e-01
4.078156312625250735e+01 -9.949527527240104030e-01
4.088176352705411176e+01 -9.945755548824311010e-01
4.098196392785571618e+01 -9.941822065302197142e-01
4.108216432865731349e+01 -9.937723181396654892e-01
4.118236472945891791e+01 -9.933454811760340508e-01
4.128256513026052232e+01 -9.929012677448677548e-01
4.138276553106212674e+01 -9.924392301374036496e-01
4.148296593186373116e+01 -9.919589004268826171e-01
4.158316633266532847e+01 -9.914597900311119538e-01
4.168336673346693289e+01 -9.909413892529712609e-01
4.178356713426853730e+01 -9.904031668013250078e-01
4.188376753507014172e+01 -9.898445692925205153e-01
4.198396793587174614e+01 -9.892650207884000624e-01
4.208416833667335055e+01 -9.886639222297413099e-01
4.218436873747494786e+01 -9.880406508424248724e-01
4.228456913827655228e+01 -9.873945595884335846e-01
4.238476953907815670e+01 -9.867249765704575459e-01
4.248496993987976111e+01 -9.860312044162613532e-01
4.258517034068136553e+01 -9.853125196426839594e-01
4.268537074148296995e+01 -9.845681720260058833e-01
4.278557114228456726e+01 -9.837973840533648096e-01
4.288577154308617168e+01 -9.829993500432088194e-01
4.298597194388777609e+01 -9.821732354837432455e-01
4.308617234468938051e+01 -9.813181763174595451e-01
4.318637274549098493e+01 -9.804332781907421079e-01
4.328657314629258934e+01 -9.795176156836232773e-01
4.338677354709418665e+01 -9.785702315197344348e-01
4.348697394789579107e+01 -9.775901359401693025e-01
4.358717434869739549e+01 -9.765763058495379179e-01
4.368737474949899990e+01 -9.755276837606182694e-01
4.378757515030060432e+01 -9.744431770636130530e-01
4.388777555110220874e+01 -9.733216571556380092e-01
4.398797595190380605e+01 -9.721619585532371710e-01
4.408817635270541047e+01 -9.709628779883315852e-01
4.418837675350701488e+01 -9.697231735490630111e-01
4.428857715430861930e+01 -9.684415642101442678e-01
4.438877755511022372e+01 -9.671167282967577661e-01
4.448897795591182813e+01 -9.657473026491855128e-01
4.458917835671342544e+01 -9.643318817460561077e-01
4.468937875751502986e+01 -9.628690167436525504e-01
4.478957915831663428e+01 -9.613572145065454322e-01
4.488977955911823869e+01 -9.597949366306848251e-01
4.498997995991984311e+01 -9.581805989230488541e-01
4.509018036072144753e+01 -9.565125705935455525e-01
4.519038076152304484e+01 -9.547891724064503371e-01
4.529058116232464926e+01 -9.530086761643590254e-01
4.539078156312625367e+01 -9.511693037677970697e-01
4.549098196392785809e+01 -9.492692262772114420e-01
4.559118236472946251e+01 -9.473065629840614621e-01
4.569138276553106692e+01 -9.452793805983213948e-01
4.579158316633266423e+01 -9.431856936885559817e-01
4.589178356713426865e+01 -9.410234623183897362e-01
4.599198396793587307e+01 -9.387905913165954797e-01
4.609218436873747748e+01 -9.364849297923893978e-01
4.619238476953908190e+01 -9.341042703991576657e-01
4.629258517034067921e+01 -9.316463486360797575e-01
4.639278557114228363e+01 -9.291088421917097495e-01
4.649298597194388805e+01 -9.264893712603965437e-01
4.659318637274549246e+01 -9.237854989844008768e-01
4.669338677354709688e+01 -9.209947283923899386e-01
4.679358717434870130e+01 -9.181145031976236659e-01
4.689378757515029861e+01 -9.151422075826010083e-01
4.699398797595190302e+01 -9.120751660230728142e-01
4.709418837675350744e+01 -9.089106432019138371e-01
4.719438877755511186e+01 -9.056458441433813400e-01
4.729458917835671627e+01 -9.022779172977618556e-01
4.739478957915832069e+01 -8.988039520026189777e-01
4.749498997995991800e+01 -8.952209785109269680e-01
4.759519038076152242e+01 -8.915259694584459771e-01
4.769539078156312684e+01 -8.877158406398514279e-01
4.779559118236473125e+01 -8.837874519437518561e-01
4.789579158316633567e+01 -8.797376084557032572e-01
4.799599198396794009e+01 -8.755630631087741866e-01
4.809619238476953740e+01 -8.712605209233342807e-01
4.819639278557114181e+01 -8.668266352864881785e-01
4.829659318637274623e+01 -8.622580121001272024e-01
4.839679358717435065e+01 -8.575512122734204601e-01
4.849699398797595506e+01 -8.527027542753985445e-01
4.859719438877755948e+01 -8.477091169473368604e-01
4.869739478957915679e+01 -8.425667426593627107e-01
4.879759519038076121e+01 -8.372720449171120460e-01
4.889779559118236563e+01 -8.318214089397885092e-01
4.899799599198397004e+01 -8.262111940390969300e-01
4.909819639278557446e+01 -8.204377397452560228e-01
4.919839679358717888e+01 -8.144973706645520783e-01
4.929859719438877619e+01 -8.083864016970867539e-01
4.939879759519038060e+01 -8.021011436254910087e-01
4.949899799599198502e+01 -7.956379098409364081e-01
4.959919839679358944e+01 -7.889930255366198741e-01
4.969939879759519386e+01 -7.821628306425801869e-01
4.979959919839679827e+01 -7.751436884089323298e-01
4.989979959919839558e+01 -7.679319935179494960e-01
5.000000000000000000e+01 -7.605241804150387752e-01
