4.758310327698339615e-02 8.455040923670414932e-04
1.418970546041639358e-01 2.365056267097237486e-03
2.337431808689014179e-01 3.393647276535904922e-03
3.217505543966421855e-01 3.699100209365424607e-03
4.048917862850834326e-01 3.231799318030359469e-03
4.423742229767448908e-01 4.375984761978868320e-03
5.247957716501073788e-01 3.452399952076024015e-03
6.528466311007742329e-01 2.191927075133548453e-03
7.229793534014909984e-01 8.599998272084130591e-04
7.853981633974482790e-01 2.026091789136819088e-05
8.478169733934056707e-01 -8.221631421405639628e-04
9.179496956941223251e-01 -2.151840525233206236e-03
1.046000555144789290e+00 -3.413807092068232851e-03
1.128422103818151667e+00 -4.337038545287164037e-03
1.165904540509813181e+00 -3.196270665743683459e-03
1.249045772398254428e+00 -3.663088494823218966e-03
1.337053145925995112e+00 -3.358376674678004159e-03
1.428899272190732761e+00 -2.331471740187079922e-03
1.523213223517913217e+00 -8.142991096497381731e-04
1.618379430071880121e+00 8.738035347605546677e-04
1.712693381399060577e+00 2.390016610845369094e-03
1.804539507663798004e+00 3.414903606010932791e-03
1.892546881191538910e+00 3.716403782849042603e-03
1.975688113079979935e+00 3.245119966594434135e-03
2.013170549771641671e+00 4.389626146417913155e-03
2.095592098445004048e+00 3.462168945666865838e-03
2.223642957895671124e+00 2.197073924964543234e-03
2.293775680196387778e+00 8.621723835332550934e-04
2.356194490192344837e+00 2.026170042590536013e-05
2.418613300188302340e+00 -8.243357115408356250e-04
2.488746022489018994e+00 -2.156986051065012955e-03
2.616796881939686070e+00 -3.423575412881685320e-03
2.699218430613048447e+00 -4.350678496497062397e-03
2.736700867304709739e+00 -3.209591480363038762e-03
2.819842099193150986e+00 -3.680391709862562699e-03
2.907849472720891892e+00 -3.379632423090944693e-03
2.999695598985629097e+00 -2.356431586847979043e-03
3.094009550312809775e+00 -8.425983583350421524e-04
3.189175756866776457e+00 8.425983583344176520e-04
3.283489708193957135e+00 2.356431586847146376e-03
3.375335834458694340e+00 3.379632423090639382e-03
3.463343207986435246e+00 3.680391709861841054e-03
3.546484439874876493e+00 3.209591480363371829e-03
3.583966876566537785e+00 4.350678496496618308e-03
3.666388425239900162e+00 3.423575412882073898e-03
3.794439284690567238e+00 2.156986051065734600e-03
3.864572006991283892e+00 8.243357115411686920e-04
3.926990816987241395e+00 -2.026170042468411481e-05
3.989409626983198454e+00 -8.621723835333661157e-04
4.059542349283915108e+00 -2.197073924963433011e-03
4.187593208734582184e+00 -3.462168945666477260e-03
4.270014757407944117e+00 -4.389626146418912356e-03
4.307497194099606297e+00 -3.245119966594489647e-03
4.390638425988047544e+00 -3.716403782850097315e-03
4.478645799515788006e+00 -3.414903606011404635e-03
4.570491925780525655e+00 -2.390016610847062184e-03
4.664805877107705889e+00 -8.738035347603395619e-04
4.759972083661672571e+00 8.142991096489332614e-04
4.854286034988853693e+00 2.331471740188301167e-03
4.946132161253591342e+00 3.358376674678087426e-03
5.034139534781331804e+00 3.663088494824662256e-03
5.117280766669773051e+00 3.196270665744072037e-03
5.154763203361434343e+00 4.337038545288329772e-03
5.237184752034797164e+00 3.413807092068454896e-03
5.365235611485464240e+00 2.151840525233317258e-03
5.435368333786180450e+00 8.221631421409525409e-04
5.497787143782137953e+00 -2.026091789175676894e-05
5.560205953778095456e+00 -8.599998272083020368e-04
5.630338676078811666e+00 -2.191927075134048053e-03
5.758389535529478742e+00 -3.452399952076579126e-03
5.840811084202841563e+00 -4.375984761978812809e-03
5.878293520894502855e+00 -3.231799318031081114e-03
5.961434752782944102e+00 -3.699100209365591141e-03
6.049442126310684564e+00 -3.393647276536099211e-03
6.141288252575422213e+00 -2.365056267097431775e-03
6.235602203902602447e+00 -8.455040923670900654e-04
