-4.900000000000000000e+01 -8.407200485773517196e-01
-4.700000000000000000e+01 -9.200826210869229582e-01
-4.500000000000000000e+01 -9.621242898150217382e-01
-4.300000000000000000e+01 -9.839092640909848919e-01
-4.100000000000000000e+01 -9.948115117466250767e-01
-3.900000000000000000e+01 -9.994378076167201863e-01
-3.700000000000000000e+01 -9.994189838907904244e-01
-3.500000000000000000e+01 -9.939854803459371446e-01
-3.300000000000000000e+01 -9.793965961593014136e-01
-3.100000000000000000e+01 -9.470548308941653115e-01
-2.900000000000000000e+01 -8.802781863550892538e-01
-2.700000000000000000e+01 -7.517013786151135468e-01
-2.500000000000000000e+01 -5.296779881550384150e-01
-2.300000000000000000e+01 -2.075953520407155528e-01
-2.100000000000000000e+01 1.592777285806737386e-01
-1.900000000000000000e+01 4.798876828080081425e-01
-1.700000000000000000e+01 7.044522940838968683e-01
-1.500000000000000000e+01 8.403878704129006394e-01
-1.300000000000000000e+01 9.162720957868688565e-01
-1.100000000000000000e+01 9.570010018371275518e-01
-9.000000000000000000e+00 9.784999358305047634e-01
-7.000000000000000000e+00 9.897667076973024614e-01
-5.000000000000000000e+00 9.956101946326284535e-01
-3.000000000000000000e+00 9.985197516166259835e-01
-1.000000000000000000e+00 9.997230016281697385e-01
1.000000000000000000e+00 9.997230016281697385e-01
3.000000000000000000e+00 9.985197516166259835e-01
5.000000000000000000e+00 9.956101946326284535e-01
7.000000000000000000e+00 9.897667076973024614e-01
9.000000000000000000e+00 9.784999358305047634e-01
1.100000000000000000e+01 9.570010018371275518e-01
1.300000000000000000e+01 9.162720957868688565e-01
1.500000000000000000e+01 8.403878704129006394e-01
1.700000000000000000e+01 7.044522940838968683e-01
1.900000000000000000e+01 4.798876828080081425e-01
2.100000000000000000e+01 1.592777285806737386e-01
2.300000000000000000e+01 -2.075953520407155528e-01
2.500000000000000000e+01 -5.296779881550384150e-01
2.700000000000000000e+01 -7.517013786151135468e-01
2.900000000000000000e+01 -8.802781863550892538e-01
3.100000000000000000e+01 -9.470548308941653115e-01
3.300000000000000000e+01 -9.793965961593014136e-01
3.500000000000000000e+01 -9.939854803459371446e-01
3.700000000000000000e+01 -9.994189838907904244e-01
3.900000000000000000e+01 -9.994378076167201863e-01
4.100000000000000000e+01 -9.948115117466250767e-01
4.300000000000000000e+01 -9.839092640909848919e-01
4.500000000000000000e+01 -9.621242898150217382e-01
4.700000000000000000e+01 -9.200826210869229582e-01
4.900000000000000000e+01 -8.407200485773517196e-01
