4.758310327698339615e-02 9.464989555000041799e-02
1.418970546041639358e-01 2.800902889757114211e-01
2.337431808689014179e-01 4.529874316073957963e-01
3.217505543966421855e-01 6.022263775540905861e-01
4.048917862850834326e-01 7.143551151550546763e-01
4.423742229767448908e-01 7.674238861970201775e-01
5.247957716501073788e-01 8.687585378265572089e-01
6.528466311007742329e-01 9.624711527468482464e-01
7.229793534014909984e-01 9.805040667086057926e-01
7.853981633974482790e-01 9.934492225389686126e-01
8.478169733934056707e-01 9.805097196513463675e-01
9.179496956941223251e-01 9.624792308515435213e-01
1.046000555144789290e+00 8.687766668344021337e-01
1.128422103818151667e+00 7.674407383590313714e-01
1.165904540509813181e+00 7.143845176480101422e-01
1.249045772398254428e+00 6.022546162015025573e-01
1.337053145925995112e+00 4.530143624436011596e-01
1.428899272190732761e+00 2.801167969346460840e-01
1.523213223517913217e+00 9.467689716292115865e-02
1.618379430071880121e+00 -9.462246230725490648e-02
1.712693381399060577e+00 -2.800642883489390389e-01
1.804539507663798004e+00 -4.529669873012629466e-01
1.892546881191538910e+00 -6.022175893363346244e-01
1.975688113079979935e+00 -7.143645381196050970e-01
2.013170549771641671e+00 -7.673999181754643795e-01
2.095592098445004048e+00 -8.687564805160006287e-01
2.223642957895671124e+00 -9.624586346231231992e-01
2.293775680196387778e+00 -9.805260972531169017e-01
2.356194490192344837e+00 -9.934326310400761750e-01
2.418613300188302340e+00 -9.805317489922872332e-01
2.488746022489018994e+00 -9.624667100895727412e-01
2.616796881939686070e+00 -8.687746049786240210e-01
2.699218430613048447e+00 -7.674167653399205369e-01
2.736700867304709739e+00 -7.143939358811798312e-01
2.819842099193150986e+00 -6.022458229422327225e-01
2.907849472720891892e+00 -4.529939138332863546e-01
2.999695598985629097e+00 -2.800907934754068296e-01
3.094009550312809775e+00 -9.464946293806172917e-02
3.189175756866776457e+00 9.464946293805256983e-02
3.283489708193957135e+00 2.800907934753996686e-01
3.375335834458694340e+00 4.529939138332824689e-01
3.463343207986435246e+00 6.022458229422336107e-01
3.546484439874876493e+00 7.143939358811841611e-01
3.583966876566537785e+00 7.674167653399226463e-01
3.666388425239900162e+00 8.687746049786284619e-01
3.794439284690567238e+00 9.624667100895751837e-01
3.864572006991283892e+00 9.805317489922871221e-01
3.926990816987241395e+00 9.934326310400775073e-01
3.989409626983198454e+00 9.805260972531141261e-01
4.059542349283915108e+00 9.624586346231239764e-01
4.187593208734582184e+00 8.687564805160035153e-01
4.270014757407944117e+00 7.673999181754709298e-01
4.307497194099606297e+00 7.143645381196108701e-01
4.390638425988047544e+00 6.022175893363429511e-01
4.478645799515788006e+00 4.529669873012714398e-01
4.570491925780525655e+00 2.800642883489449231e-01
4.664805877107705889e+00 9.462246230725648855e-02
4.759972083661672571e+00 -9.467689716292415625e-02
4.854286034988853693e+00 -2.801167969346530229e-01
4.946132161253591342e+00 -4.530143624436094307e-01
5.034139534781331804e+00 -6.022546162015107729e-01
5.117280766669773051e+00 -7.143845176480159154e-01
5.154763203361434343e+00 -7.674407383590374776e-01
5.237184752034797164e+00 -8.687766668344044652e-01
5.365235611485464240e+00 -9.624792308515445205e-01
5.435368333786180450e+00 -9.805097196513439251e-01
5.497787143782137953e+00 -9.934492225389699449e-01
5.560205953778095456e+00 -9.805040667086055706e-01
5.630338676078811666e+00 -9.624711527468507999e-01
5.758389535529478742e+00 -8.687585378265620939e-01
5.840811084202841563e+00 -7.674238861970230641e-01
5.878293520894502855e+00 -7.143551151550597833e-01
5.961434752782944102e+00 -6.022263775540913633e-01
6.049442126310684564e+00 -4.529874316073919660e-01
6.141288252575422213e+00 -2.800902889757034275e-01
6.235602203902602447e+00 -9.464989554999057864e-02
