4.758310327698339615e-02 9.872334294137669053e-01
1.418970546041639358e-01 9.922311427252281657e-01
2.337431808689014179e-01 9.985003749244170113e-01
3.217505543966421855e-01 9.988054628249033451e-01
4.048917862850834326e-01 9.834422653432528527e-01
4.423742229767448908e-01 9.882466805867177184e-01
5.247957716501073788e-01 9.998084013619641386e-01
6.528466311007742329e-01 9.967242431795830804e-01
7.229793534014909984e-01 9.880917614585951192e-01
7.853981633974482790e-01 9.934494239047355624e-01
8.478169733934056707e-01 9.880903657204016532e-01
9.179496956941223251e-01 9.967259070444387525e-01
1.046000555144789290e+00 9.998077829024081264e-01
1.128422103818151667e+00 9.882544019513177513e-01
1.165904540509813181e+00 9.834323159700939510e-01
1.249045772398254428e+00 9.988022909383420522e-01
1.337053145925995112e+00 9.985048088959705970e-01
1.428899272190732761e+00 9.922424084372559738e-01
1.523213223517913217e+00 9.872494573582575317e-01
1.618379430071880121e+00 9.872494573582575317e-01
1.712693381399060577e+00 9.922424084372559738e-01
1.804539507663798004e+00 9.985048088959705970e-01
1.892546881191538910e+00 9.988022909383420522e-01
1.975688113079979935e+00 9.834323159700939510e-01
2.013170549771641671e+00 9.882544019513177513e-01
2.095592098445004048e+00 9.998077829024080154e-01
2.223642957895671124e+00 9.967259070444385305e-01
2.293775680196387778e+00 9.880903657204018753e-01
2.356194490192344837e+00 9.934494239047355624e-01
2.418613300188302340e+00 9.880917614585950082e-01
2.488746022489018994e+00 9.967242431795830804e-01
2.616796881939686070e+00 9.998084013619641386e-01
2.699218430613048447e+00 9.882466805867177184e-01
2.736700867304709739e+00 9.834422653432528527e-01
2.819842099193150986e+00 9.988054628249033451e-01
2.907849472720891892e+00 9.985003749244170113e-01
2.999695598985629097e+00 9.922311427252280547e-01
3.094009550312809775e+00 9.872334294137669053e-01
3.189175756866776457e+00 9.872318363771183103e-01
3.283489708193957135e+00 9.922274437042865047e-01
3.375335834458694340e+00 9.984977810144265442e-01
3.463343207986435246e+00 9.988090302946729393e-01
3.546484439874876493e+00 9.834578722743713142e-01
3.583966876566537785e+00 9.882328892660963149e-01
3.666388425239900162e+00 9.998106538525595166e-01
3.794439284690567238e+00 9.967137812299644573e-01
3.864572006991283892e+00 9.881136537842194478e-01
3.926990816987241395e+00 9.934322151924368516e-01
3.989409626983198454e+00 9.881150481737608349e-01
4.059542349283915108e+00 9.967121147338421361e-01
4.187593208734582184e+00 9.998112669300687205e-01
4.270014757407944117e+00 9.882251620141755399e-01
4.307497194099606297e+00 9.834678142052514227e-01
4.390638425988047544e+00 9.988121933768293603e-01
4.478645799515788006e+00 9.984933376816714778e-01
4.570491925780525655e+00 9.922161685745185533e-01
4.664805877107705889e+00 9.872157990960085394e-01
4.759972083661672571e+00 9.872157990960085394e-01
4.854286034988853693e+00 9.922161685745185533e-01
4.946132161253591342e+00 9.984933376816715889e-01
5.034139534781331804e+00 9.988121933768292493e-01
5.117280766669773051e+00 9.834678142052515337e-01
5.154763203361434343e+00 9.882251620141756510e-01
5.237184752034797164e+00 9.998112669300687205e-01
5.365235611485464240e+00 9.967121147338422471e-01
5.435368333786180450e+00 9.881150481737606128e-01
5.497787143782137953e+00 9.934322151924368516e-01
5.560205953778095456e+00 9.881136537842194478e-01
5.630338676078811666e+00 9.967137812299644573e-01
5.758389535529478742e+00 9.998106538525595166e-01
5.840811084202841563e+00 9.882328892660964259e-01
5.878293520894502855e+00 9.834578722743713142e-01
5.961434752782944102e+00 9.988090302946728283e-01
6.049442126310684564e+00 9.984977810144265442e-01
6.141288252575422213e+00 9.922274437042866158e-01
6.235602203902602447e+00 9.872318363771183103e-01
