-4.900000000000000000e+01 -8.407198339087069705e-01
-4.700000000000000711e+01 -9.200824556704790824e-01
-4.500000000000000711e+01 -9.621241563677209729e-01
-4.300000000000000000e+01 -9.839091542783895417e-01
-4.100000000000000000e+01 -9.948114284666941254e-01
-3.900000000000000711e+01 -9.994377695831337949e-01
-3.700000000000000000e+01 -9.994190374393197018e-01
-3.500000000000000000e+01 -9.939857250989883042e-01
-3.300000000000000711e+01 -9.793972345744604846e-01
-3.100000000000000000e+01 -9.470562508800406398e-01
-2.900000000000000000e+01 -8.802810563173976144e-01
-2.700000000000000355e+01 -7.517066107511592987e-01
-2.500000000000000355e+01 -5.296861895533708786e-01
-2.300000000000000355e+01 -2.076056171890488244e-01
-2.100000000000000355e+01 1.592680542252197795e-01
-1.900000000000000355e+01 4.798807458386209479e-01
-1.700000000000000000e+01 7.044482514460255196e-01
-1.500000000000000178e+01 8.403858353420954330e-01
-1.300000000000000355e+01 9.162711970957302388e-01
-1.100000000000000000e+01 9.570006810434732447e-01
-9.000000000000001776e+00 9.784998904618185112e-01
-7.000000000000003553e+00 9.897667871147035612e-01
-4.999999999999998224e+00 9.956103275666802199e-01
-3.000000000000000444e+00 9.985199058012209639e-01
-1.000000000000002442e+00 9.997231629183325197e-01
9.999999999999956701e-01 9.997231629183325197e-01
3.000000000000000444e+00 9.985199058012209639e-01
4.999999999999998224e+00 9.956103275666802199e-01
6.999999999999996447e+00 9.897667871147035612e-01
9.000000000000001776e+00 9.784998904618185112e-01
1.100000000000000000e+01 9.570006810434732447e-01
1.300000000000000355e+01 9.162711970957302388e-01
1.499999999999999467e+01 8.403858353420954330e-01
1.700000000000000000e+01 7.044482514460255196e-01
1.900000000000000355e+01 4.798807458386209479e-01
2.099999999999999645e+01 1.592680542252197795e-01
2.300000000000000000e+01 -2.076056171890500179e-01
2.500000000000000711e+01 -5.296861895533708786e-01
2.699999999999999645e+01 -7.517066107511592987e-01
2.900000000000000000e+01 -8.802810563173976144e-01
3.100000000000000711e+01 -9.470562508800406398e-01
3.300000000000000000e+01 -9.793972345744604846e-01
3.500000000000000000e+01 -9.939857250989883042e-01
3.700000000000000711e+01 -9.994190374393197018e-01
3.900000000000000000e+01 -9.994377695831337949e-01
4.100000000000000000e+01 -9.948114284666941254e-01
4.300000000000000711e+01 -9.839091542783895417e-01
4.500000000000000000e+01 -9.621241563677209729e-01
4.700000000000000711e+01 -9.200824556704778612e-01
4.899999999999999289e+01 -8.407198339087069705e-01
