-4.900000000000000711e+01 -8.436565400000000103e-01
-4.700000000000000711e+01 -9.221593000000000151e-01
-4.500000000000000711e+01 -9.635158999999999807e-01
-4.300000000000000711e+01 -9.848023700000000380e-01
-4.100000000000000711e+01 -9.953326599999999802e-01
-3.900000000000000711e+01 -9.996174000000002113e-01
-3.700000000000000711e+01 -9.991529000000000105e-01
-3.500000000000000711e+01 -9.929493700000000533e-01
-3.300000000000000711e+01 -9.768666599999999978e-01
-3.100000000000000711e+01 -9.415898299999999610e-01
-2.900000000000000711e+01 -8.693243000000000498e-01
-2.700000000000000711e+01 -7.316519999999997470e-01
-2.500000000000000711e+01 -4.978786399999999834e-01
-2.300000000000000711e+01 -1.670265300000000064e-01
-2.100000000000000711e+01 1.987123500000000098e-01
-1.900000000000000000e+01 5.096007599999999860e-01
-1.700000000000000000e+01 7.231322000000000028e-01
-1.500000000000000711e+01 8.509408000000000527e-01
-1.300000000000000000e+01 9.218954999999999789e-01
-1.100000000000000000e+01 9.598934999999999551e-01
-9.000000000000007105e+00 9.799397600000000486e-01
-7.000000000000000000e+00 9.904478000000002114e-01
-5.000000000000000000e+00 9.959006999999999721e-01
-3.000000000000007105e+00 9.986175000000000468e-01
-1.000000000000000000e+00 9.997414000000000023e-01
1.000000000000000000e+00 9.997414399999999812e-01
3.000000000000000000e+00 9.986174000000002104e-01
4.999999999999992895e+00 9.959006999999999721e-01
7.000000000000007105e+00 9.904477000000000420e-01
9.000000000000007105e+00 9.799396000000000218e-01
1.100000000000000000e+01 9.598929999999999962e-01
1.299999999999998579e+01 9.218946700000000272e-01
1.499999999999999289e+01 8.509392000000000067e-01
1.699999999999999289e+01 7.231294999999999806e-01
1.899999999999999289e+01 5.095963999999999494e-01
2.099999999999999289e+01 1.987065699999999990e-01
2.299999999999999289e+01 -1.670325000000000004e-01
2.499999999999997868e+01 -4.978833200000000181e-01
2.699999999999999289e+01 -7.316549399999999759e-01
2.899999999999999289e+01 -8.693260000000000431e-01
3.099999999999997868e+01 -9.415906699999999629e-01
3.299999999999999289e+01 -9.768670000000000408e-01
3.499999999999999289e+01 -9.929495000000000404e-01
3.699999999999999289e+01 -9.991529000000000105e-01
3.899999999999999289e+01 -9.996174599999999577e-01
4.099999999999999289e+01 -9.953326000000000118e-01
4.300000000000000711e+01 -9.848023999999999667e-01
4.499999999999999289e+01 -9.635159399999999597e-01
4.699999999999999289e+01 -9.221591999999999567e-01
4.899999999999999289e+01 -8.436565000000000314e-01
