-8.925000000000000000e+01 -7.730020682120485320e-01
-8.775000000000000000e+01 -7.248430942475040384e-01
-8.625000000000000000e+01 -6.755242823467481061e-01
-8.475000000000000000e+01 -6.269060556100999326e-01
-8.325000000000000000e+01 -5.801529524185217168e-01
-8.175000000000000000e+01 -5.358927208972192879e-01
-8.025000000000000000e+01 -4.943878308274801681e-01
-7.875000000000000000e+01 -4.556673438587377500e-01
-7.725000000000000000e+01 -4.196186912856434970e-01
-7.575000000000000000e+01 -3.860486923690381045e-01
-7.425000000000000000e+01 -3.547229245731473579e-01
-7.275000000000000000e+01 -3.253904104628921323e-01
-7.125000000000000000e+01 -2.977985465211599458e-01
-6.975000000000000000e+01 -2.717016475437183387e-01
-6.825000000000000000e+01 -2.468653806744397494e-01
-6.675000000000000000e+01 -2.230686061584284952e-01
-6.525000000000000000e+01 -2.001036280063792083e-01
-6.375000000000000000e+01 -1.777755121148318074e-01
-6.225000000000000000e+01 -1.559008988731868939e-01
-6.075000000000000000e+01 -1.343065854198766396e-01
-5.925000000000000000e+01 -1.128280528428068780e-01
-5.775000000000000000e+01 -9.130805003661324193e-02
-5.625000000000000000e+01 -6.959530620319932803e-02
-5.475000000000000000e+01 -4.754342050642859641e-02
-5.325000000000000000e+01 -2.500996499556509822e-02
-5.175000000000000000e+01 -1.855832218771129435e-03
-5.025000000000000000e+01 2.205513961543059329e-02
-4.875000000000000000e+01 4.685622483643508279e-02
-4.725000000000000000e+01 7.267750317239698998e-02
-4.575000000000000000e+01 9.964512407749046008e-02
-4.425000000000000000e+01 1.278800606870724721e-01
-4.275000000000000000e+01 1.574962477182128562e-01
-4.125000000000000000e+01 1.885979676475393607e-01
-3.975000000000000000e+01 2.212763126539922243e-01
-3.825000000000000000e+01 2.556045048186031954e-01
-3.675000000000000000e+01 2.916318039961049990e-01
-3.525000000000000000e+01 3.293756723480111281e-01
-3.375000000000000000e+01 3.688118001217518538e-01
-3.225000000000000000e+01 4.098615371487317471e-01
-3.075000000000000000e+01 4.523762322682973736e-01
-2.925000000000000000e+01 4.961179844128302818e-01
-2.775000000000000000e+01 5.407363941386045258e-01
-2.625000000000000000e+01 5.857411338320333005e-01
-2.475000000000000000e+01 6.304706112800921858e-01
-2.325000000000000000e+01 6.740577910714691257e-01
-2.175000000000000000e+01 7.153954767310881646e-01
-2.025000000000000000e+01 7.531051372628710938e-01
-1.875000000000000000e+01 7.855156954896000965e-01
-1.725000000000000000e+01 8.106614107607359454e-01
-1.575000000000000000e+01 8.263106083871950558e-01
-1.425000000000000000e+01 8.300386335013022476e-01
-1.275000000000000000e+01 8.193577134568524878e-01
-1.125000000000000000e+01 7.919118846069892470e-01
-9.750000000000000000e+00 7.457357221409122161e-01
-8.250000000000000000e+00 6.795619125948619832e-01
-6.750000000000000000e+00 5.931491102916127689e-01
-5.250000000000000000e+00 4.876018516594537999e-01
-3.750000000000000000e+00 3.657220435860708552e-01
-2.250000000000000000e+00 2.329287580559598059e-01
-7.500000000000000000e-01 1.055774242572126986e-01
7.500000000000000000e-01 1.055774242572122268e-01
2.250000000000000000e+00 2.329296655377077196e-01
3.750000000000000000e+00 3.657241695425018646e-01
5.250000000000000000e+00 4.876043962353160399e-01
6.750000000000000000e+00 5.931503318569641969e-01
8.250000000000000000e+00 6.795596547816602495e-01
9.750000000000000000e+00 7.457280690513318211e-01
1.125000000000000000e+01 7.918976755235275222e-01
1.275000000000000000e+01 8.193367628010315151e-01
1.425000000000000000e+01 8.300116510584336638e-01
1.575000000000000000e+01 8.262789190898882641e-01
1.725000000000000000e+01 8.106266048703956173e-01
1.875000000000000000e+01 7.854793150432457516e-01
2.025000000000000000e+01 7.530684559154037228e-01
2.175000000000000000e+01 7.153593850825195055e-01
2.325000000000000000e+01 6.740227705962006377e-01
2.475000000000000000e+01 6.304367683991802807e-01
2.625000000000000000e+01 5.857082660236002658e-01
2.775000000000000000e+01 5.407040661312630947e-01
2.925000000000000000e+01 4.960856003771189626e-01
3.075000000000000000e+01 4.523430965421980088e-01
3.225000000000000000e+01 4.098269009578378586e-01
3.375000000000000000e+01 3.687748946046880971e-01
3.525000000000000000e+01 3.293357297299858155e-01
3.675000000000000000e+01 2.915880693574951499e-01
3.825000000000000000e+01 2.555562407124876145e-01
3.975000000000000000e+01 2.212227986131456159e-01
4.125000000000000000e+01 1.885384962189244618e-01
4.275000000000000000e+01 1.574301182583311143e-01
4.425000000000000000e+01 1.278065717614881858e-01
4.575000000000000000e+01 9.956356496082560681e-02
4.725000000000000000e+01 7.258714487795216164e-02
4.875000000000000000e+01 4.675631077931136081e-02
5.025000000000000000e+01 2.194487605735314512e-02
5.175000000000000000e+01 -1.977285969835345346e-03
5.325000000000000000e+01 -2.514350663588940313e-02
5.475000000000000000e+01 -4.769001503735487146e-02
5.625000000000000000e+01 -6.975599648761034166e-02
5.775000000000000000e+01 -9.148396761033093794e-02
5.925000000000000000e+01 -1.130204288325044465e-01
6.075000000000000000e+01 -1.345167614934088540e-01
6.225000000000000000e+01 -1.561303380317351774e-01
6.375000000000000000e+01 -1.780258092188691244e-01
6.525000000000000000e+01 -2.003765201578064648e-01
6.675000000000000000e+01 -2.233659834591373572e-01
6.825000000000000000e+01 -2.471892990241839339e-01
6.975000000000000000e+01 -2.720543471299325944e-01
7.125000000000000000e+01 -2.981824834865846041e-01
7.275000000000000000e+01 -3.258083160120657240e-01
7.425000000000000000e+01 -3.551779163776603299e-01
7.575000000000000000e+01 -3.865444782912365596e-01
7.725000000000000000e+01 -4.201599216703232886e-01
7.875000000000000000e+01 -4.562601715481347520e-01
8.025000000000000000e+01 -4.950406882434647549e-01
8.175000000000000000e+01 -5.366171319759986957e-01
8.325000000000000000e+01 -5.809637064531129047e-01
8.475000000000000000e+01 -6.278190856847302159e-01
8.625000000000000000e+01 -6.765490873309686348e-01
8.775000000000000000e+01 -7.259651723348572450e-01
8.925000000000000000e+01 -7.741514864385118377e-01
