-1.000000000000000000e+01 5.419575488562754506e-01
-8.000000000000000000e+00 4.126546775668202272e-01
-6.000000000000000000e+00 2.961043291820144030e-01
-4.000000000000000000e+00 1.907183385775672313e-01
-2.000000000000000000e+00 9.330606289798366870e-02
0.000000000000000000e+00 -2.879967107165600743e-16
2.000000000000000000e+00 -9.330606289798289155e-02
4.000000000000000000e+00 -1.907183385775683415e-01
6.000000000000000000e+00 -2.961043291820147916e-01
8.000000000000000000e+00 -4.126546775668206157e-01
1.000000000000000000e+01 -5.419575488562753396e-01
