-8.925000000000000000e+01 3.757633551151216555e-01
-8.775000000000000000e+01 4.778403689148074118e-01
-8.625000000000000000e+01 5.618397940992141404e-01
-8.475000000000000000e+01 6.311180671096906503e-01
-8.325000000000000000e+01 6.884851076917472001e-01
-8.175000000000000000e+01 7.362306168382163341e-01
-8.025000000000000000e+01 7.761956014811869364e-01
-7.875000000000000000e+01 8.098505250338168260e-01
-7.725000000000000000e+01 8.383665577974761529e-01
-7.575000000000000000e+01 8.626759454466642607e-01
-7.425000000000000000e+01 8.835212739383702107e-01
-7.275000000000000000e+01 9.014948186381798179e-01
-7.125000000000000000e+01 9.170695648208878614e-01
-6.975000000000000000e+01 9.306234586796403585e-01
-6.825000000000000000e+01 9.424582576292107605e-01
-6.675000000000000000e+01 9.528141160088314798e-01
-6.525000000000000000e+01 9.618808195107871883e-01
-6.375000000000000000e+01 9.698063879250176100e-01
-6.225000000000000000e+01 9.767036055497200220e-01
-6.075000000000000000e+01 9.826549098751186095e-01
-5.925000000000000000e+01 9.877159677756413014e-01
-5.775000000000000000e+01 9.919181892242755483e-01
-5.625000000000000000e+01 9.952703672722179595e-01
-5.475000000000000000e+01 9.977595858244369120e-01
-5.325000000000000000e+01 9.993515006452361460e-01
-5.175000000000000000e+01 9.999900715326957013e-01
-5.025000000000000000e+01 9.995968030331499055e-01
-4.875000000000000000e+01 9.980695361578934000e-01
-4.725000000000000000e+01 9.952808235904716527e-01
-4.575000000000000000e+01 9.910759154587018838e-01
-4.425000000000000000e+01 9.852703821921883209e-01
-4.275000000000000000e+01 9.776474060114722642e-01
-4.125000000000000000e+01 9.679547847627281154e-01
-3.975000000000000000e+01 9.559017136068030940e-01
-3.825000000000000000e+01 9.411554452659011138e-01
-3.675000000000000000e+01 9.233379835335137065e-01
-3.525000000000000000e+01 9.020230450841134617e-01
-3.375000000000000000e+01 8.767336409982554590e-01
-3.225000000000000000e+01 8.469407938936807101e-01
-3.075000000000000000e+01 8.120641331111930761e-01
-2.925000000000000000e+01 7.714754120425642014e-01
-2.775000000000000000e+01 7.245063771558140076e-01
-2.625000000000000000e+01 6.704628832531202010e-01
-2.475000000000000000e+01 6.086476646292330317e-01
-2.325000000000000000e+01 5.383946626756538345e-01
-2.175000000000000000e+01 4.591181347833335757e-01
-2.025000000000000000e+01 3.703796893257587652e-01
-1.875000000000000000e+01 2.719755609695403420e-01
-1.725000000000000000e+01 1.640444200914961126e-01
-1.575000000000000000e+01 4.719234856141499984e-02
-1.425000000000000000e+01 -7.737396661516102170e-02
-1.275000000000000000e+01 -2.077220793693299317e-01
-1.125000000000000000e+01 -3.411009277646630533e-01
-9.750000000000000000e+00 -4.739110596106964612e-01
-8.250000000000000000e+00 -6.017705594076107056e-01
-6.750000000000000000e+00 -7.197029107716834684e-01
-5.250000000000000000e+00 -8.224561127901198754e-01
-3.750000000000000000e+00 -9.049357227108779655e-01
-2.250000000000000000e+00 -9.627033253046259897e-01
-7.500000000000000000e-01 -9.924653470790950616e-01
7.500000000000000000e-01 -9.924653470790949505e-01
2.250000000000000000e+00 -9.627028831457414837e-01
3.750000000000000000e+00 -9.049336917349718457e-01
5.250000000000000000e+00 -8.224510973418057702e-01
6.750000000000000000e+00 -7.196937937788524531e-01
8.250000000000000000e+00 -6.017568898054493909e-01
9.750000000000000000e+00 -4.738931789387449411e-01
1.125000000000000000e+01 -3.410798416981416503e-01
1.275000000000000000e+01 -2.076991720377958095e-01
1.425000000000000000e+01 -7.735068249551242670e-02
1.575000000000000000e+01 4.721475886747881351e-02
1.725000000000000000e+01 1.640650455117248774e-01
1.875000000000000000e+01 2.719938688404063831e-01
2.025000000000000000e+01 3.703954863312542423e-01
2.175000000000000000e+01 4.591314862815479292e-01
2.325000000000000000e+01 5.384058012135134463e-01
2.475000000000000000e+01 6.086569076675852896e-01
2.625000000000000000e+01 6.704705698077161324e-01
2.775000000000000000e+01 7.245128253482548963e-01
2.925000000000000000e+01 7.714808952293190636e-01
3.075000000000000000e+01 8.120688701679594779e-01
3.225000000000000000e+01 8.469449491856632095e-01
3.375000000000000000e+01 8.767373301659443507e-01
3.525000000000000000e+01 9.020263436641295929e-01
3.675000000000000000e+01 9.233409364114161244e-01
3.825000000000000000e+01 9.411580757284598864e-01
3.975000000000000000e+01 9.559040313123343680e-01
4.125000000000000000e+01 9.679567923773814142e-01
4.275000000000000000e+01 9.776491044826153276e-01
4.425000000000000000e+01 9.852717748179892210e-01
4.575000000000000000e+01 9.910770109789671656e-01
4.725000000000000000e+01 9.952816385497919027e-01
4.875000000000000000e+01 9.980700968148243923e-01
5.025000000000000000e+01 9.995971470818160176e-01
5.175000000000000000e+01 9.999902498900617998e-01
5.325000000000000000e+01 9.993515795628646892e-01
5.475000000000000000e+01 9.977596495864251569e-01
5.625000000000000000e+01 9.952705217427224582e-01
5.775000000000000000e+01 9.919185665425918064e-01
5.925000000000000000e+01 9.877167325101883222e-01
6.075000000000000000e+01 9.826562669810443573e-01
6.225000000000000000e+01 9.767058104666392904e-01
6.375000000000000000e+01 9.698097591143962637e-01
6.525000000000000000e+01 9.618857535050492347e-01
6.675000000000000000e+01 9.528211045779292343e-01
6.825000000000000000e+01 9.424679055494116220e-01
6.975000000000000000e+01 9.306364983093636800e-01
7.125000000000000000e+01 9.170868590509266838e-01
7.275000000000000000e+01 9.015173346566499601e-01
7.425000000000000000e+01 8.835499929615775461e-01
7.575000000000000000e+01 8.627116416540809851e-01
7.725000000000000000e+01 8.384093234091034574e-01
7.875000000000000000e+01 8.098988261970090363e-01
8.025000000000000000e+01 7.762445144137692932e-01
8.175000000000000000e+01 7.362687373313787642e-01
8.325000000000000000e+01 6.884895520377661837e-01
8.475000000000000000e+01 6.310472607576218529e-01
8.625000000000000000e+01 5.616248877434626419e-01
8.775000000000000000e+01 4.773787055396812029e-01
8.925000000000000000e+01 3.749211566383962579e-01
