-9.100000000000000000e+01 1.383422188839458854e-16
-9.000000000000000000e+01 -8.601080105176010752e-16
-8.900000000000000000e+01 -1.310524029651559061e-15
-8.800000000000000000e+01 -6.818497799556125385e-16
-8.700000000000000000e+01 3.486812962032456352e-16
-8.600000000000000000e+01 -2.947102623130346530e-16
-8.500000000000000000e+01 -6.508361368771197150e-16
-8.400000000000000000e+01 1.833021369331162215e-16
-8.300000000000000000e+01 -5.850692794000559882e-16
-8.200000000000000000e+01 7.654636459458710982e-16
-8.100000000000000000e+01 6.116716232731288409e-17
-8.000000000000000000e+01 3.234976742003498988e-16
-7.900000000000000000e+01 8.368955737193478326e-18
-7.800000000000000000e+01 -8.373630121353418607e-16
-7.700000000000000000e+01 3.914273452115811891e-16
-7.600000000000000000e+01 -8.314800899307315413e-16
-7.500000000000000000e+01 -7.569097840533248292e-17
-7.400000000000000000e+01 -5.971340240335497093e-16
-7.300000000000000000e+01 1.131396712931055691e-15
-7.200000000000000000e+01 -3.177568718944323868e-16
-7.100000000000000000e+01 8.191044497396490063e-16
-7.000000000000000000e+01 -9.679055782410107637e-16
-6.900000000000000000e+01 5.106668861345906768e-16
-6.800000000000000000e+01 -4.094922120644697413e-17
-6.700000000000000000e+01 3.731323535666529297e-16
-6.600000000000000000e+01 -6.418281094502829326e-16
-6.500000000000000000e+01 -8.345371149397349218e-17
-6.400000000000000000e+01 -2.828468698951924554e-16
-6.300000000000000000e+01 -4.921026832422744873e-16
-6.200000000000000000e+01 4.036003060329815398e-16
-6.100000000000000000e+01 -6.415647740053257227e-16
-6.000000000000000000e+01 2.549118082976916159e-16
-5.900000000000000000e+01 1.518707813704831432e-16
-5.800000000000000000e+01 1.631861028403197904e-17
-5.700000000000000000e+01 1.149385059628880021e-15
-5.600000000000000000e+01 -6.447032080914380293e-16
-5.500000000000000000e+01 -5.654792757175655329e-16
-5.400000000000000000e+01 1.052789315659304868e-16
-5.300000000000000000e+01 -4.001151194944968201e-16
-5.200000000000000000e+01 2.840045170302362943e-16
-5.100000000000000000e+01 -3.447298274900718051e-16
-5.000000000000000000e+01 1.475107854310968420e-16
-4.900000000000000000e+01 2.723534759391277093e-16
-4.800000000000000000e+01 -2.497672590352241130e-16
-4.700000000000000000e+01 -4.334666740353231288e-16
-4.600000000000000000e+01 -1.430162935146633973e-17
-4.500000000000000000e+01 -4.410698675875448847e-16
-4.400000000000000000e+01 2.944641120597335294e-16
-4.300000000000000000e+01 7.479466509522610832e-16
-4.200000000000000000e+01 -3.140315050391511885e-16
-4.100000000000000000e+01 -4.978649996098357616e-16
-4.000000000000000000e+01 -1.097363907092610124e-18
-3.900000000000000000e+01 -2.122538926194472593e-16
-3.800000000000000000e+01 -1.408354636756045397e-16
-3.700000000000000000e+01 1.050381133003383350e-16
-3.600000000000000000e+01 -7.597818510883483531e-16
-3.500000000000000000e+01 -1.374397187609269041e-16
-3.400000000000000000e+01 1.829102157052072933e-16
-3.300000000000000000e+01 -2.689330215687563197e-17
-3.200000000000000000e+01 -5.581121489921008386e-16
-3.100000000000000000e+01 -1.544427247851002905e-16
-3.000000000000000000e+01 -6.308466877424658068e-17
-2.900000000000000000e+01 -1.990824400590642121e-16
-2.800000000000000000e+01 -1.138053201481158076e-16
-2.700000000000000000e+01 -3.349369333343323619e-16
-2.600000000000000000e+01 2.459880259320479753e-16
-2.500000000000000000e+01 -1.785052928477083907e-16
-2.400000000000000000e+01 -1.770349088304120857e-16
-2.300000000000000000e+01 -1.531200618243535718e-15
-2.200000000000000000e+01 -8.053850777961645214e-17
-2.100000000000000000e+01 -1.367789148842354748e-16
-2.000000000000000000e+01 7.683547640157726443e-17
-1.900000000000000000e+01 -1.403260722257301190e-16
-1.800000000000000000e+01 -4.989594070679316471e-16
-1.700000000000000000e+01 1.996897569665881228e-16
-1.600000000000000000e+01 3.879489828723851516e-16
-1.500000000000000000e+01 5.852413104415339100e-16
-1.400000000000000000e+01 -2.496724619367157665e-16
-1.300000000000000000e+01 -6.290154653598775970e-16
-1.200000000000000000e+01 -8.536115437463919214e-17
-1.100000000000000000e+01 -1.007568209553422734e-15
-1.000000000000000000e+01 -1.340497711219745417e-15
-9.000000000000000000e+00 -5.004604003085206187e-16
-8.000000000000000000e+00 -4.224348065890794016e-16
-7.000000000000000000e+00 -2.103188558355120121e-16
-6.000000000000000000e+00 -4.638446084140100574e-16
-5.000000000000000000e+00 -6.554461827947620464e-16
-4.000000000000000000e+00 7.451173743951521875e-16
-3.000000000000000000e+00 -3.118120116542848686e-16
-2.000000000000000000e+00 3.343874683942623450e-16
-1.000000000000000000e+00 -5.143097122183722409e-16
0.000000000000000000e+00 2.539711662235014228e-16
1.000000000000000000e+00 4.593849121177744928e-16
2.000000000000000000e+00 -1.040500029484123860e-15
3.000000000000000000e+00 -4.082327660474641278e-16
4.000000000000000000e+00 1.686779891178648505e-16
5.000000000000000000e+00 6.988836755160394331e-16
6.000000000000000000e+00 5.977508801869613554e-16
7.000000000000000000e+00 -8.362892900140953239e-16
8.000000000000000000e+00 4.453654429507877695e-16
9.000000000000000000e+00 -3.337762536014324021e-16
1.000000000000000000e+01 1.609205465111645906e-16
1.100000000000000000e+01 -2.641973251305046340e-16
1.200000000000000000e+01 -1.395783592513474254e-16
1.300000000000000000e+01 -1.747467931567149351e-16
1.400000000000000000e+01 -2.578477524576681394e-17
1.500000000000000000e+01 1.457008733707738764e-16
1.600000000000000000e+01 1.776909670860226662e-16
1.700000000000000000e+01 2.445659194895692702e-16
1.800000000000000000e+01 -3.085188891370418186e-16
1.900000000000000000e+01 1.710799243421455950e-16
2.000000000000000000e+01 -5.096900419630846006e-17
2.100000000000000000e+01 -2.908574790579392177e-16
2.200000000000000000e+01 5.195410497489047512e-16
2.300000000000000000e+01 5.823359152327660892e-16
2.400000000000000000e+01 -7.079669936409688654e-16
2.500000000000000000e+01 1.949633193694376290e-16
2.600000000000000000e+01 -1.008562969202088712e-15
2.700000000000000000e+01 2.113762520436667738e-16
2.800000000000000000e+01 -7.480058666550259935e-17
2.900000000000000000e+01 -1.575930270506526603e-16
3.000000000000000000e+01 4.639090645847464292e-16
3.100000000000000000e+01 8.890157015958801885e-16
3.200000000000000000e+01 -6.901906746801562042e-16
3.300000000000000000e+01 4.757754965942514390e-16
3.400000000000000000e+01 -1.831649918092865956e-16
3.500000000000000000e+01 -9.285482789381908406e-16
3.600000000000000000e+01 -6.691061974705817344e-16
3.700000000000000000e+01 5.836727025678231868e-16
3.800000000000000000e+01 -3.579827336675507253e-16
3.900000000000000000e+01 -4.821374038610463277e-16
4.000000000000000000e+01 -9.204399689469038525e-16
4.100000000000000000e+01 -3.828215901830251826e-16
4.200000000000000000e+01 1.644661865211710442e-16
4.300000000000000000e+01 -7.954293452496588071e-16
4.400000000000000000e+01 7.103016064517049607e-17
4.500000000000000000e+01 -2.091180074353089910e-17
4.600000000000000000e+01 -4.982260167320142667e-16
4.700000000000000000e+01 -9.407075693427863715e-18
4.800000000000000000e+01 -4.918986122950221056e-16
4.900000000000000000e+01 6.307221740046832745e-16
5.000000000000000000e+01 4.549232522725495207e-16
5.100000000000000000e+01 -8.907110242814664830e-16
5.200000000000000000e+01 9.857088549109577260e-18
5.300000000000000000e+01 6.890021870881192090e-16
5.400000000000000000e+01 -2.204565449042034609e-16
5.500000000000000000e+01 -8.948668540832900434e-17
5.600000000000000000e+01 -7.922539815002529861e-16
5.700000000000000000e+01 4.788419699062608883e-16
5.800000000000000000e+01 2.376069760791180173e-16
5.900000000000000000e+01 -2.927465969549021390e-16
6.000000000000000000e+01 -6.689681069963186696e-16
6.100000000000000000e+01 2.047929957697190217e-16
6.200000000000000000e+01 -7.184145934278298313e-16
6.300000000000000000e+01 -6.867608148786636201e-16
6.400000000000000000e+01 -2.542436211227080282e-16
6.500000000000000000e+01 -1.102212425029777206e-16
6.600000000000000000e+01 -6.716262121904801895e-16
6.700000000000000000e+01 -3.864907649536448127e-16
6.800000000000000000e+01 1.354064802713875851e-16
6.900000000000000000e+01 -6.050159507680059447e-17
7.000000000000000000e+01 -3.622546565884889429e-16
7.100000000000000000e+01 -1.175924078520153386e-17
7.200000000000000000e+01 -4.665068047592498526e-16
7.300000000000000000e+01 -6.452218323464694509e-16
7.400000000000000000e+01 -6.786033110343020762e-17
7.500000000000000000e+01 -5.536371683422511853e-16
7.600000000000000000e+01 -7.224678749266997068e-16
7.700000000000000000e+01 4.782843677248511498e-16
7.800000000000000000e+01 -4.507481544661185767e-16
7.900000000000000000e+01 -3.221525044775178107e-17
8.000000000000000000e+01 2.412182966487082620e-16
8.100000000000000000e+01 -6.234783822816782298e-16
8.200000000000000000e+01 1.548450608992726323e-16
8.300000000000000000e+01 7.544535430446153849e-16
8.400000000000000000e+01 3.020624749601835964e-17
8.500000000000000000e+01 1.639650700237972515e-16
8.600000000000000000e+01 -2.999463430720019977e-16
8.700000000000000000e+01 5.020298854346684881e-16
8.800000000000000000e+01 -2.726524388474973483e-16
8.900000000000000000e+01 6.550347559294661397e-16
9.000000000000000000e+01 4.919857352073828665e-17
9.100000000000000000e+01 -3.677953299247900344e-16
