-9.100000000000000000e+01 -9.395820388389042321e-01
-9.000000000000000000e+01 -9.086401272900846982e-01
-8.900000000000000000e+01 -8.753033754294088364e-01
-8.800000000000000000e+01 -8.407710482491265180e-01
-8.700000000000000000e+01 -8.058913029793401961e-01
-8.600000000000000000e+01 -7.712477250012355068e-01
-8.500000000000000000e+01 -7.372292228574842676e-01
-8.400000000000000000e+01 -7.040838380757070691e-01
-8.300000000000000000e+01 -6.719589022934204792e-01
-8.200000000000000000e+01 -6.409304417696712886e-01
-8.100000000000000000e+01 -6.110244788934603433e-01
-8.000000000000000000e+01 -5.822323771229177547e-01
-7.900000000000000000e+01 -5.545218615764356818e-01
-7.800000000000000000e+01 -5.278449151936503991e-01
-7.700000000000000000e+01 -5.021434188752317285e-01
-7.600000000000000000e+01 -4.773531606399164517e-01
-7.500000000000000000e+01 -4.534066633040455541e-01
-7.400000000000000000e+01 -4.302351555404285710e-01
-7.300000000000000000e+01 -4.077699216179078712e-01
-7.200000000000000000e+01 -3.859432009454696888e-01
-7.100000000000000000e+01 -3.646887627024030798e-01
-7.000000000000000000e+01 -3.439422468153149892e-01
-6.900000000000000000e+01 -3.236413385798370679e-01
-6.800000000000000000e+01 -3.037258260898782480e-01
-6.700000000000000000e+01 -2.841375767769582228e-01
-6.600000000000000000e+01 -2.648204596041798253e-01
-6.500000000000000000e+01 -2.457202323669818167e-01
-6.400000000000000000e+01 -2.267844084195576870e-01
-6.300000000000000000e+01 -2.079621132025802899e-01
-6.200000000000000000e+01 -1.892039383934878416e-01
-6.100000000000000000e+01 -1.704617993048990476e-01
-6.000000000000000000e+01 -1.516887995577926029e-01
-5.900000000000000000e+01 -1.328391064125368504e-01
-5.800000000000000000e+01 -1.138678392097206560e-01
-5.700000000000000000e+01 -9.473097285412492019e-02
-5.600000000000000000e+01 -7.538525840242393805e-02
-5.500000000000000000e+01 -5.578816221291372363e-02
-5.400000000000000000e+01 -3.589782561533998856e-02
-5.300000000000000000e+01 -1.567304690584905499e-02
-5.200000000000000000e+01 4.926711916109501911e-03
-5.100000000000000000e+01 2.594129145741101358e-02
-5.000000000000000000e+01 4.740977103329051257e-02
-4.900000000000000000e+01 6.937037126681654120e-02
-4.800000000000000000e+01 9.186031892865566262e-02
-4.700000000000000000e+01 1.149156689786427210e-01
-4.600000000000000000e+01 1.385710784095531833e-01
-4.500000000000000000e+01 1.628595244687262855e-01
-4.400000000000000000e+01 1.878119597210677338e-01
-4.300000000000000000e+01 2.134568943524104423e-01
-4.200000000000000000e+01 2.398198946247016572e-01
-4.100000000000000000e+01 2.669229846713719323e-01
-4.000000000000000000e+01 2.947839369982397373e-01
-3.900000000000000000e+01 3.234154345944678099e-01
-3.800000000000000000e+01 3.528240849962316905e-01
-3.700000000000000000e+01 3.830092644553941827e-01
-3.600000000000000000e+01 4.139617676893689868e-01
-3.500000000000000000e+01 4.456622361329337645e-01
-3.400000000000000000e+01 4.780793360301337502e-01
-3.300000000000000000e+01 5.111676557787329100e-01
-3.200000000000000000e+01 5.448652929359412145e-01
-3.100000000000000000e+01 5.790911025769013287e-01
-3.000000000000000000e+01 6.137415846099714134e-01
-2.900000000000000000e+01 6.486873961461419036e-01
-2.800000000000000000e+01 6.837694905678908253e-01
-2.700000000000000000e+01 7.187949068247871942e-01
-2.600000000000000000e+01 7.535322648764004594e-01
-2.500000000000000000e+01 7.877070657713167723e-01
-2.400000000000000000e+01 8.209969524075593217e-01
-2.300000000000000000e+01 8.530271576050822979e-01
-2.200000000000000000e+01 8.833664531953875354e-01
-2.100000000000000000e+01 9.115240123847346831e-01
-2.000000000000000000e+01 9.369477052634136438e-01
-1.900000000000000000e+01 9.590244534260591314e-01
-1.800000000000000000e+01 9.770833602566977305e-01
-1.700000000000000000e+01 9.904023902720120454e-01
-1.600000000000000000e+01 9.982193662107401444e-01
-1.500000000000000000e+01 9.997479617191493695e-01
-1.400000000000000000e+01 9.941991608007256787e-01
-1.300000000000000000e+01 9.808083153357923800e-01
-1.200000000000000000e+01 9.588674525442127949e-01
-1.100000000000000000e+01 9.277618877396018870e-01
-1.000000000000000000e+01 8.870095305693334042e-01
-9.000000000000000000e+00 8.363006181789223170e-01
-8.000000000000000000e+00 7.755350666419099648e-01
-7.000000000000000000e+00 7.048543133020961360e-01
-6.000000000000000000e+00 6.246645181596364171e-01
-5.000000000000000000e+00 5.356483510901197675e-01
-4.000000000000000000e+00 4.387633039356338971e-01
-3.000000000000000000e+00 3.352254581312304471e-01
-2.000000000000000000e+00 2.264787893392685159e-01
-1.000000000000000000e+00 1.141512593447285701e-01
0.000000000000000000e+00 7.311981776669556679e-16
1.000000000000000000e+00 1.141512593447274737e-01
2.000000000000000000e+00 2.264787893392690987e-01
3.000000000000000000e+00 3.352254581312278936e-01
4.000000000000000000e+00 4.387633039356350073e-01
5.000000000000000000e+00 5.356483510901201006e-01
6.000000000000000000e+00 6.246645181596373053e-01
7.000000000000000000e+00 7.048543133020964691e-01
8.000000000000000000e+00 7.755350666419097427e-01
9.000000000000000000e+00 8.363006181789223170e-01
1.000000000000000000e+01 8.870095305693334042e-01
1.100000000000000000e+01 9.277618877396018870e-01
1.200000000000000000e+01 9.588674525442137941e-01
1.300000000000000000e+01 9.808083153357922690e-01
1.400000000000000000e+01 9.941991608007249015e-01
1.500000000000000000e+01 9.997479617191483703e-01
1.600000000000000000e+01 9.982193662107398113e-01
1.700000000000000000e+01 9.904023902720122674e-01
1.800000000000000000e+01 9.770833602566978415e-01
1.900000000000000000e+01 9.590244534260587983e-01
2.000000000000000000e+01 9.369477052634135328e-01
2.100000000000000000e+01 9.115240123847339060e-01
2.200000000000000000e+01 8.833664531953883126e-01
2.300000000000000000e+01 8.530271576050815208e-01
2.400000000000000000e+01 8.209969524075593217e-01
2.500000000000000000e+01 7.877070657713178825e-01
2.600000000000000000e+01 7.535322648764007925e-01
2.700000000000000000e+01 7.187949068247884155e-01
2.800000000000000000e+01 6.837694905678908253e-01
2.900000000000000000e+01 6.486873961461399052e-01
3.000000000000000000e+01 6.137415846099700811e-01
3.100000000000000000e+01 5.790911025769015508e-01
3.200000000000000000e+01 5.448652929359413255e-01
3.300000000000000000e+01 5.111676557787339092e-01
3.400000000000000000e+01 4.780793360301328065e-01
3.500000000000000000e+01 4.456622361329324877e-01
3.600000000000000000e+01 4.139617676893693754e-01
3.700000000000000000e+01 3.830092644553926839e-01
3.800000000000000000e+01 3.528240849962297476e-01
3.900000000000000000e+01 3.234154345944679765e-01
4.000000000000000000e+01 2.947839369982397373e-01
4.100000000000000000e+01 2.669229846713708221e-01
4.200000000000000000e+01 2.398198946247014074e-01
4.300000000000000000e+01 2.134568943524092210e-01
4.400000000000000000e+01 1.878119597210674285e-01
4.500000000000000000e+01 1.628595244687269239e-01
4.600000000000000000e+01 1.385710784095524895e-01
4.700000000000000000e+01 1.149156689786435259e-01
4.800000000000000000e+01 9.186031892865510751e-02
4.900000000000000000e+01 6.937037126681537547e-02
5.000000000000000000e+01 4.740977103329063747e-02
5.100000000000000000e+01 2.594129145741060419e-02
5.200000000000000000e+01 4.926711916109518391e-03
5.300000000000000000e+01 -1.567304690584896479e-02
5.400000000000000000e+01 -3.589782561534055755e-02
5.500000000000000000e+01 -5.578816221291446609e-02
5.600000000000000000e+01 -7.538525840242511766e-02
5.700000000000000000e+01 -9.473097285412492019e-02
5.800000000000000000e+01 -1.138678392097209752e-01
5.900000000000000000e+01 -1.328391064125373500e-01
6.000000000000000000e+01 -1.516887995577925474e-01
6.100000000000000000e+01 -1.704617993048990199e-01
6.200000000000000000e+01 -1.892039383934886465e-01
6.300000000000000000e+01 -2.079621132025798458e-01
6.400000000000000000e+01 -2.267844084195587695e-01
6.500000000000000000e+01 -2.457202323669812061e-01
6.600000000000000000e+01 -2.648204596041799364e-01
6.700000000000000000e+01 -2.841375767769582228e-01
6.800000000000000000e+01 -3.037258260898786366e-01
6.900000000000000000e+01 -3.236413385798367348e-01
7.000000000000000000e+01 -3.439422468153149892e-01
7.100000000000000000e+01 -3.646887627024029133e-01
7.200000000000000000e+01 -3.859432009454699108e-01
7.300000000000000000e+01 -4.077699216179077046e-01
7.400000000000000000e+01 -4.302351555404291816e-01
7.500000000000000000e+01 -4.534066633040451100e-01
7.600000000000000000e+01 -4.773531606399171179e-01
7.700000000000000000e+01 -5.021434188752323946e-01
7.800000000000000000e+01 -5.278449151936511763e-01
7.900000000000000000e+01 -5.545218615764355707e-01
8.000000000000000000e+01 -5.822323771229189759e-01
8.100000000000000000e+01 -6.110244788934595661e-01
8.200000000000000000e+01 -6.409304417696699563e-01
8.300000000000000000e+01 -6.719589022934218114e-01
8.400000000000000000e+01 -7.040838380757064030e-01
8.500000000000000000e+01 -7.372292228574848227e-01
8.600000000000000000e+01 -7.712477250012357288e-01
8.700000000000000000e+01 -8.058913029793404181e-01
8.800000000000000000e+01 -8.407710482491265180e-01
8.900000000000000000e+01 -8.753033754294081703e-01
9.000000000000000000e+01 -9.086401272900861414e-01
9.100000000000000000e+01 -9.395820388389038991e-01
