-9.100000000000000000e+01 -5.023894230690921781e-01
-9.000000000000000000e+01 -4.965904370598785422e-01
-8.900000000000000000e+01 -4.879395684223087892e-01
-8.800000000000000000e+01 -4.773169361302195823e-01
-8.700000000000000000e+01 -4.653224637282393217e-01
-8.600000000000000000e+01 -4.523861824507816598e-01
-8.500000000000000000e+01 -4.388228957693874333e-01
-8.400000000000000000e+01 -4.248644876306866824e-01
-8.300000000000000000e+01 -4.106814716115396169e-01
-8.200000000000000000e+01 -3.963983614877997219e-01
-8.100000000000000000e+01 -3.821049922340659655e-01
-8.000000000000000000e+01 -3.678649757727288083e-01
-7.900000000000000000e+01 -3.537220541854837474e-01
-7.800000000000000000e+01 -3.397048864933774337e-01
-7.700000000000000000e+01 -3.258306618935292720e-01
-7.600000000000000000e+01 -3.121078319320405026e-01
-7.500000000000000000e+01 -2.985381800414545483e-01
-7.400000000000000000e+01 -2.851183924228996025e-01
-7.300000000000000000e+01 -2.718412528704569064e-01
-7.200000000000000000e+01 -2.586965535619231149e-01
-7.100000000000000000e+01 -2.456717912374299373e-01
-7.000000000000000000e+01 -2.327527006841866586e-01
-6.900000000000000000e+01 -2.199236650089091971e-01
-6.800000000000000000e+01 -2.071680324564299236e-01
-6.700000000000000000e+01 -1.944683625547629080e-01
-6.600000000000000000e+01 -1.818066187563323333e-01
-6.500000000000000000e+01 -1.691643206932186838e-01
-6.400000000000000000e+01 -1.565226663888284186e-01
-6.300000000000000000e+01 -1.438626322581967598e-01
-6.200000000000000000e+01 -1.311650569651142961e-01
-6.100000000000000000e+01 -1.184107141352594289e-01
-6.000000000000000000e+01 -1.055803776269729627e-01
-5.900000000000000000e+01 -9.265488275308474131e-02
-5.800000000000000000e+01 -7.961518588710694844e-02
-5.700000000000000000e+01 -6.644242488042041705e-02
-5.600000000000000000e+01 -5.311798222050816837e-02
-5.500000000000000000e+01 -3.962355284900722502e-02
-5.400000000000000000e+01 -2.594121837108452969e-02
-5.300000000000000000e+01 -1.205352930722460372e-02
-5.200000000000000000e+01 2.056402846415855950e-03
-5.100000000000000000e+01 1.640480195924212334e-02
-5.000000000000000000e+01 3.100711010084900368e-02
-4.900000000000000000e+01 4.587785485113204942e-02
-4.800000000000000000e+01 6.103049888635622700e-02
-4.700000000000000000e+01 7.647726938228360805e-02
-4.600000000000000000e+01 9.222896443961563218e-02
-4.500000000000000000e+01 1.082947336404805200e-01
-4.400000000000000000e+01 1.246818291624077341e-01
-4.300000000000000000e+01 1.413953236987925133e-01
-4.200000000000000000e+01 1.584377907074589475e-01
-4.100000000000000000e+01 1.758089422075382047e-01
-4.000000000000000000e+01 1.935052185842218442e-01
-3.900000000000000000e+01 2.115193241106341770e-01
-3.800000000000000000e+01 2.298397013302155845e-01
-3.700000000000000000e+01 2.484499367683558890e-01
-3.600000000000000000e+01 2.673280894813707675e-01
-3.500000000000000000e+01 2.864459336129841494e-01
-3.400000000000000000e+01 3.057681057812277614e-01
-3.300000000000000000e+01 3.252511478173389925e-01
-3.200000000000000000e+01 3.448424360685069523e-01
-3.100000000000000000e+01 3.644789898847938248e-01
-3.000000000000000000e+01 3.840861542412570828e-01
-2.900000000000000000e+01 4.035761556137144046e-01
-2.800000000000000000e+01 4.228465364089017409e-01
-2.700000000000000000e+01 4.417784828867827307e-01
-2.600000000000000000e+01 4.602350735169364326e-01
-2.500000000000000000e+01 4.780594924287962511e-01
-2.400000000000000000e+01 4.950732746279035701e-01
-2.300000000000000000e+01 5.110746778064710893e-01
-2.200000000000000000e+01 5.258373094038422124e-01
-2.100000000000000000e+01 5.391091768716765875e-01
-2.000000000000000000e+01 5.506123726320908407e-01
-1.900000000000000000e+01 5.600436490408067236e-01
-1.800000000000000000e+01 5.670761789542293485e-01
-1.700000000000000000e+01 5.713628265271832873e-01
-1.600000000000000000e+01 5.725412612883461483e-01
-1.500000000000000000e+01 5.702412253151779575e-01
-1.400000000000000000e+01 5.640941964363265226e-01
-1.300000000000000000e+01 5.537455690686490239e-01
-1.200000000000000000e+01 5.388692915366269931e-01
-1.100000000000000000e+01 5.191846560931753229e-01
-1.000000000000000000e+01 4.944746449928154042e-01
-9.000000000000000000e+00 4.646049198230959854e-01
-8.000000000000000000e+00 4.295422366794224289e-01
-7.000000000000000000e+00 3.893708269128100530e-01
-6.000000000000000000e+00 3.443051522092189232e-01
-5.000000000000000000e+00 2.946974711140060710e-01
-4.000000000000000000e+00 2.410388709335691271e-01
-3.000000000000000000e+00 1.839528311711974007e-01
-2.000000000000000000e+00 1.241809649617048317e-01
-1.000000000000000000e+00 6.256127721390267182e-02
0.000000000000000000e+00 9.805089601337279930e-17
1.000000000000000000e+00 6.256127721390303265e-02
2.000000000000000000e+00 1.241809649617042627e-01
3.000000000000000000e+00 1.839528311711975950e-01
4.000000000000000000e+00 2.410388709335695157e-01
5.000000000000000000e+00 2.946974711140048497e-01
6.000000000000000000e+00 3.443051522092196448e-01
7.000000000000000000e+00 3.893708269128098864e-01
8.000000000000000000e+00 4.295422366794226510e-01
9.000000000000000000e+00 4.646049198230958188e-01
1.000000000000000000e+01 4.944746449928150711e-01
1.100000000000000000e+01 5.191846560931766552e-01
1.200000000000000000e+01 5.388692915366266600e-01
1.300000000000000000e+01 5.537455690686489129e-01
1.400000000000000000e+01 5.640941964363280769e-01
1.500000000000000000e+01 5.702412253151778465e-01
1.600000000000000000e+01 5.725412612883469254e-01
1.700000000000000000e+01 5.713628265271839535e-01
1.800000000000000000e+01 5.670761789542296816e-01
1.900000000000000000e+01 5.600436490408077228e-01
2.000000000000000000e+01 5.506123726320905076e-01
2.100000000000000000e+01 5.391091768716780308e-01
2.200000000000000000e+01 5.258373094038421014e-01
2.300000000000000000e+01 5.110746778064717555e-01
2.400000000000000000e+01 4.950732746279041252e-01
2.500000000000000000e+01 4.780594924287964176e-01
2.600000000000000000e+01 4.602350735169359330e-01
2.700000000000000000e+01 4.417784828867828417e-01
2.800000000000000000e+01 4.228465364089021850e-01
2.900000000000000000e+01 4.035761556137143491e-01
3.000000000000000000e+01 3.840861542412569163e-01
3.100000000000000000e+01 3.644789898847937692e-01
3.200000000000000000e+01 3.448424360685059531e-01
3.300000000000000000e+01 3.252511478173395476e-01
3.400000000000000000e+01 3.057681057812268732e-01
3.500000000000000000e+01 2.864459336129833722e-01
3.600000000000000000e+01 2.673280894813706010e-01
3.700000000000000000e+01 2.484499367683559168e-01
3.800000000000000000e+01 2.298397013302158898e-01
3.900000000000000000e+01 2.115193241106340938e-01
4.000000000000000000e+01 1.935052185842217054e-01
4.100000000000000000e+01 1.758089422075378438e-01
4.200000000000000000e+01 1.584377907074574487e-01
4.300000000000000000e+01 1.413953236987923190e-01
4.400000000000000000e+01 1.246818291624071789e-01
4.500000000000000000e+01 1.082947336404801592e-01
4.600000000000000000e+01 9.222896443961436930e-02
4.700000000000000000e+01 7.647726938228337212e-02
4.800000000000000000e+01 6.103049888635583148e-02
4.900000000000000000e+01 4.587785485113290290e-02
5.000000000000000000e+01 3.100711010084957961e-02
5.100000000000000000e+01 1.640480195924227252e-02
5.200000000000000000e+01 2.056402846416196823e-03
5.300000000000000000e+01 -1.205352930722386820e-02
5.400000000000000000e+01 -2.594121837108458520e-02
5.500000000000000000e+01 -3.962355284900627439e-02
5.600000000000000000e+01 -5.311798222050884144e-02
5.700000000000000000e+01 -6.644242488042022277e-02
5.800000000000000000e+01 -7.961518588710637945e-02
5.900000000000000000e+01 -9.265488275308524091e-02
6.000000000000000000e+01 -1.055803776269723382e-01
6.100000000000000000e+01 -1.184107141352596093e-01
6.200000000000000000e+01 -1.311650569651137688e-01
6.300000000000000000e+01 -1.438626322581964545e-01
6.400000000000000000e+01 -1.565226663888288627e-01
6.500000000000000000e+01 -1.691643206932183785e-01
6.600000000000000000e+01 -1.818066187563337766e-01
6.700000000000000000e+01 -1.944683625547627137e-01
6.800000000000000000e+01 -2.071680324564302011e-01
6.900000000000000000e+01 -2.199236650089094469e-01
7.000000000000000000e+01 -2.327527006841863810e-01
7.100000000000000000e+01 -2.456717912374296597e-01
7.200000000000000000e+01 -2.586965535619221157e-01
7.300000000000000000e+01 -2.718412528704579056e-01
7.400000000000000000e+01 -2.851183924228992694e-01
7.500000000000000000e+01 -2.985381800414546039e-01
7.600000000000000000e+01 -3.121078319320393923e-01
7.700000000000000000e+01 -3.258306618935301047e-01
7.800000000000000000e+01 -3.397048864933783219e-01
7.900000000000000000e+01 -3.537220541854837474e-01
8.000000000000000000e+01 -3.678649757727289193e-01
8.100000000000000000e+01 -3.821049922340651883e-01
8.200000000000000000e+01 -3.963983614877999440e-01
8.300000000000000000e+01 -4.106814716115392838e-01
8.400000000000000000e+01 -4.248644876306870710e-01
8.500000000000000000e+01 -4.388228957693862120e-01
8.600000000000000000e+01 -4.523861824507819929e-01
8.700000000000000000e+01 -4.653224637282393772e-01
8.800000000000000000e+01 -4.773169361302198599e-01
8.900000000000000000e+01 -4.879395684223080676e-01
9.000000000000000000e+01 -4.965904370598789863e-01
9.100000000000000000e+01 -5.023894230690919560e-01
