-8.925000000000000000e+01 3.991259184152741168e-01
-8.775000000000000000e+01 4.925839222540430717e-01
-8.625000000000000000e+01 5.718684149224633195e-01
-8.475000000000000000e+01 6.384297867206476518e-01
-8.325000000000000000e+01 6.941433918749553289e-01
-8.175000000000000000e+01 7.408167518385091466e-01
-8.025000000000000000e+01 7.800354521899504068e-01
-7.875000000000000000e+01 8.131325897026613347e-01
-7.725000000000000000e+01 8.412046893045723728e-01
-7.575000000000000000e+01 8.651430202192166297e-01
-7.425000000000000000e+01 8.856673475680267860e-01
-7.275000000000000000e+01 9.033569356327297850e-01
-7.125000000000000000e+01 9.186770753082252883e-01
-6.975000000000000000e+01 9.320009275523183367e-01
-6.825000000000000000e+01 9.436270960843075040e-01
-6.675000000000000000e+01 9.537935458045907477e-01
-6.525000000000000000e+01 9.626884974998185518e-01
-6.375000000000000000e+01 9.704588652999400766e-01
-6.225000000000000000e+01 9.772167140820451348e-01
-6.075000000000000000e+01 9.830441239261974440e-01
-5.925000000000000000e+01 9.879967683415460389e-01
-5.775000000000000000e+01 9.921064448491712096e-01
-5.625000000000000000e+01 9.953827410338332848e-01
-5.475000000000000000e+01 9.978139747662130299e-01
-5.325000000000000000e+01 9.993675123666827531e-01
-5.175000000000000000e+01 9.999895412071774237e-01
-5.025000000000000000e+01 9.996043522919293434e-01
-4.875000000000000000e+01 9.981131726596446097e-01
-4.725000000000000000e+01 9.953925762940107891e-01
-4.575000000000000000e+01 9.912924952474690965e-01
-4.425000000000000000e+01 9.856338501317746248e-01
-4.275000000000000000e+01 9.782058216612663504e-01
-4.125000000000000000e+01 9.687627940741952992e-01
-3.975000000000000000e+01 9.570210194451779229e-01
-3.825000000000000000e+01 9.426550829698826517e-01
-3.675000000000000000e+01 9.252942987916744633e-01
-3.525000000000000000e+01 9.045192418159294645e-01
-3.375000000000000000e+01 8.798587337508722017e-01
-3.225000000000000000e+01 8.507877646915392722e-01
-3.075000000000000000e+01 8.167270612842632005e-01
-2.925000000000000000e+01 7.770453254361773254e-01
-2.775000000000000000e+01 7.310655773701602023e-01
-2.625000000000000000e+01 6.780775454662735235e-01
-2.475000000000000000e+01 6.173586308219684016e-01
-2.325000000000000000e+01 5.482065674868760174e-01
-2.175000000000000000e+01 4.699873573916540370e-01
-2.025000000000000000e+01 3.822021315372826633e-01
-1.875000000000000000e+01 2.845758959454607884e-01
-1.725000000000000000e+01 1.771691611374087150e-01
-1.575000000000000000e+01 6.050968580674590674e-02
-1.425000000000000000e+01 -6.426438772954783107e-02
-1.275000000000000000e+01 -1.952667429095125140e-01
-1.125000000000000000e+01 -3.297561830010069528e-01
-9.750000000000000000e+00 -4.640943853810381992e-01
-8.250000000000000000e+00 -5.938041659686907892e-01
-6.750000000000000000e+00 -7.137580271351604555e-01
-5.250000000000000000e+00 -8.185088376042505276e-01
-3.750000000000000000e+00 -9.027456339351208614e-01
-2.250000000000000000e+00 -9.618233169761378765e-01
-7.500000000000000000e-01 -9.922854112633390233e-01
7.500000000000000000e-01 -9.922854112633391344e-01
2.250000000000000000e+00 -9.618225165688019107e-01
3.750000000000000000e+00 -9.027419687955989813e-01
5.250000000000000000e+00 -8.184998278651760550e-01
6.750000000000000000e+00 -7.137417461661869078e-01
8.250000000000000000e+00 -5.937799287268474835e-01
9.750000000000000000e+00 -4.640629397943498158e-01
1.125000000000000000e+01 -3.297194328228453819e-01
1.275000000000000000e+01 -1.952272005859346238e-01
1.425000000000000000e+01 -6.422459488007090100e-02
1.575000000000000000e+01 6.054759793730094680e-02
1.725000000000000000e+01 1.772037019520247558e-01
1.875000000000000000e+01 2.846062529026391896e-01
2.025000000000000000e+01 3.822280760662536969e-01
2.175000000000000000e+01 4.700090881762821748e-01
2.325000000000000000e+01 5.482245451440711514e-01
2.475000000000000000e+01 6.173734364438465683e-01
2.625000000000000000e+01 6.780897763337224715e-01
2.775000000000000000e+01 7.310757804530942927e-01
2.925000000000000000e+01 7.770539625391720273e-01
3.075000000000000000e+01 8.167344972950552062e-01
3.225000000000000000e+01 8.507942708900760875e-01
3.375000000000000000e+01 8.798644996096787185e-01
3.525000000000000000e+01 9.045243905816935381e-01
3.675000000000000000e+01 9.252989036946002166e-01
3.825000000000000000e+01 9.426591822808760845e-01
3.975000000000000000e+01 9.570246294758171235e-01
4.125000000000000000e+01 9.687659198245692771e-01
4.275000000000000000e+01 9.782084651803456543e-01
4.425000000000000000e+01 9.856360169040845332e-01
4.575000000000000000e+01 9.912941990062082986e-01
4.725000000000000000e+01 9.953938426717674481e-01
4.875000000000000000e+01 9.981140421272616248e-01
5.025000000000000000e+01 9.996048827970707151e-01
5.175000000000000000e+01 9.999898109158671389e-01
5.325000000000000000e+01 9.993676229073715778e-01
5.475000000000000000e+01 9.978140553776091437e-01
5.625000000000000000e+01 9.953829540313468005e-01
5.775000000000000000e+01 9.921069928642295421e-01
5.925000000000000000e+01 9.879979038295226834e-01
6.075000000000000000e+01 9.830461614855511288e-01
6.225000000000000000e+01 9.772200461362325896e-01
6.375000000000000000e+01 9.704639816440668865e-01
6.525000000000000000e+01 9.626960089118359321e-01
6.675000000000000000e+01 9.538042112451687871e-01
6.825000000000000000e+01 9.436418513579153400e-01
6.975000000000000000e+01 9.320209098969406414e-01
7.125000000000000000e+01 9.187036312433076723e-01
7.275000000000000000e+01 9.033915852241467537e-01
7.425000000000000000e+01 8.857116505771387427e-01
7.575000000000000000e+01 8.651982369933469696e-01
7.725000000000000000e+01 8.412710327909987962e-01
7.875000000000000000e+01 8.132076974526190050e-01
8.025000000000000000e+01 7.801114390057958259e-01
8.175000000000000000e+01 7.408748319662192827e-01
8.325000000000000000e+01 6.941446826099625378e-01
8.475000000000000000e+01 6.383008605634139521e-01
8.625000000000000000e+01 5.714811439471697563e-01
8.775000000000000000e+01 4.917318127571421726e-01
8.925000000000000000e+01 3.975017677703164276e-01
