-9.500000000000000000e+00 -4.926274664077507359e-01
-8.500000000000000000e+00 -4.297550486170549910e-01
-7.500000000000000000e+00 -3.705154113708509223e-01
-6.500000000000000000e+00 -3.144757962404306495e-01
-5.500000000000000000e+00 -2.612276185004899220e-01
-4.500000000000000000e+00 -2.103604510401908545e-01
-3.500000000000000000e+00 -1.614552771289866351e-01
-2.500000000000000000e+00 -1.140847030847826071e-01
-1.500000000000000000e+00 -6.781512960673354018e-02
-5.000000000000000000e-01 -2.220904258345512625e-02
5.000000000000000000e-01 2.317308783556240592e-02
1.500000000000000000e+00 6.877127223973862613e-02
2.500000000000000000e+00 1.150246026384161707e-01
3.500000000000000000e+00 1.623697149021257891e-01
4.500000000000000000e+00 2.112389024326652431e-01
5.500000000000000000e+00 2.620578955220651540e-01
6.500000000000000000e+00 3.152438978031471550e-01
7.500000000000000000e+00 3.712058609815886423e-01
8.500000000000000000e+00 4.303522413414325731e-01
9.500000000000000000e+00 4.931189550035791069e-01
