-1.000000000000000000e+01 7.553044491943887713e-16
-8.000000000000000000e+00 7.225174221993953075e-16
-6.000000000000000000e+00 2.437158023138164986e-17
-4.000000000000000000e+00 -5.107930838401897526e-17
-2.000000000000000000e+00 8.288030420308129683e-16
0.000000000000000000e+00 -1.834201951365669786e-16
2.000000000000000000e+00 3.462498275255136227e-16
4.000000000000000000e+00 4.897374987829375096e-18
6.000000000000000000e+00 -2.006857905149412392e-16
8.000000000000000000e+00 -4.014587152340876245e-17
1.000000000000000000e+01 -8.936939825205376050e-16
