-4.950000000000000000e+01 -6.134516779619174631e-01
-4.850000000000000000e+01 -5.314878979616941557e-01
-4.750000000000000000e+01 -4.564959677375662883e-01
-4.650000000000000000e+01 -3.895767111746208933e-01
-4.550000000000000000e+01 -3.309122342747790602e-01
-4.450000000000000000e+01 -2.801291571963569482e-01
-4.350000000000000000e+01 -2.365608366353802450e-01
-4.250000000000000000e+01 -1.994192564154430303e-01
-4.150000000000000711e+01 -1.678989486432034828e-01
-4.050000000000000000e+01 -1.412346101383453456e-01
-3.950000000000000000e+01 -1.187292722958313979e-01
-3.850000000000000711e+01 -9.976479060278209410e-02
-3.750000000000000000e+01 -8.380232292337755351e-02
-3.650000000000000000e+01 -7.037756587316441881e-02
-3.550000000000000711e+01 -5.909359228149545923e-02
-3.450000000000000000e+01 -4.961291991038872112e-02
-3.350000000000000000e+01 -4.164969573101802436e-02
-3.250000000000000711e+01 -3.496244019083302040e-02
-3.150000000000000355e+01 -2.934753985819035099e-02
-3.050000000000000000e+01 -2.463353599582802228e-02
-2.950000000000000000e+01 -2.067618134112302400e-02
-2.850000000000000355e+01 -1.735420175392779138e-02
-2.750000000000000000e+01 -1.456568534215779004e-02
-2.650000000000000000e+01 -1.222501964296662802e-02
-2.550000000000000000e+01 -1.026030168070248862e-02
-2.450000000000000355e+01 -8.611152509473826364e-03
-2.350000000000000000e+01 -7.226875918306988403e-03
-2.250000000000000000e+01 -6.064908673185476912e-03
-2.150000000000000355e+01 -5.089517166647406811e-03
-2.050000000000000000e+01 -4.270701810471546657e-03
-1.950000000000000000e+01 -3.583276423325779201e-03
-1.850000000000000000e+01 -3.006094803980337120e-03
-1.750000000000000355e+01 -2.521401061357046551e-03
-1.650000000000000000e+01 -2.114283902229081163e-03
-1.549999999999999822e+01 -1.772218226974279099e-03
-1.450000000000000355e+01 -1.484680004035035051e-03
-1.350000000000000178e+01 -1.242822624513825617e-03
-1.249999999999999822e+01 -1.039204813788059244e-03
-1.150000000000000355e+01 -8.675617429497383890e-04
-1.050000000000000000e+01 -7.226123172838616994e-04
-9.499999999999998224e+00 -5.998967131965080805e-04
-8.500000000000003553e+00 -4.956391777253884180e-04
-7.500000000000000888e+00 -4.066318660107058180e-04
-6.499999999999998224e+00 -3.301361499118813823e-04
-5.500000000000002665e+00 -2.637983588192779308e-04
-4.500000000000000000e+00 -2.055773644048941996e-04
-3.499999999999998224e+00 -1.536817804151569716e-04
-2.500000000000002220e+00 -1.065148437853422059e-04
-1.500000000000000000e+00 -6.262528615803267164e-05
-5.000000000000044409e-01 -2.066267779726883830e-05
4.999999999999978351e-01 2.066412035452081430e-05
1.500000000000000000e+00 6.262668749151442096e-05
2.499999999999995559e+00 1.065161639833231443e-04
3.499999999999998224e+00 1.536829839248790824e-04
4.500000000000000000e+00 2.055784194566197634e-04
5.499999999999995559e+00 2.637992418762465162e-04
6.499999999999998224e+00 3.301368427929953571e-04
7.500000000000000888e+00 4.066323616036267405e-04
8.499999999999996447e+00 4.956394746630500515e-04
9.499999999999998224e+00 5.998968227435174565e-04
1.050000000000000000e+01 7.226122552144976195e-04
1.149999999999999645e+01 8.675615376256895018e-04
1.250000000000000533e+01 1.039204495286148852e-03
1.350000000000000178e+01 1.242822234075721026e-03
1.449999999999999645e+01 1.484679580394220781e-03
1.549999999999999289e+01 1.772217817469837241e-03
1.650000000000000000e+01 2.114283546574325517e-03
1.749999999999999645e+01 2.521400804790558444e-03
1.849999999999999289e+01 3.006094678800372202e-03
1.950000000000000000e+01 3.583276464433755599e-03
2.049999999999999645e+01 4.270702035226650942e-03
2.149999999999999289e+01 5.089517593034999579e-03
2.250000000000000000e+01 6.064909298668872024e-03
2.349999999999999645e+01 7.226876740577523051e-03
2.449999999999999289e+01 8.611153505170988237e-03
2.550000000000000000e+01 1.026030282820451257e-02
2.649999999999999645e+01 1.222502090210918560e-02
2.749999999999999289e+01 1.456568667785034833e-02
2.850000000000000355e+01 1.735420311830720985e-02
2.949999999999999645e+01 2.067618269592662664e-02
3.049999999999999289e+01 2.463353729889744201e-02
3.150000000000000355e+01 2.934754108158232552e-02
3.250000000000000000e+01 3.496244131407127975e-02
3.349999999999999289e+01 4.164969675109290309e-02
3.450000000000000000e+01 4.961292084441185773e-02
3.550000000000000000e+01 5.909359316444977306e-02
3.649999999999999289e+01 7.037756677193569843e-02
3.750000000000000000e+01 8.380232391892850075e-02
3.850000000000000000e+01 9.976479181453314082e-02
3.949999999999999289e+01 1.187292738465837300e-01
4.050000000000000000e+01 1.412346121798802312e-01
4.150000000000000000e+01 1.678989513018255830e-01
4.249999999999999289e+01 1.994192597932814004e-01
4.350000000000000000e+01 2.365608407307046579e-01
4.450000000000000000e+01 2.801291618374942005e-01
4.549999999999999289e+01 3.309122390310348938e-01
4.650000000000000000e+01 3.895767160373685978e-01
4.750000000000000000e+01 4.564959727453128391e-01
4.849999999999999289e+01 5.314879026798418060e-01
4.950000000000000000e+01 6.134516821746673898e-01
