-4.950000000000000000e+01 -6.134471000000000229e-01
-4.850000000000000000e+01 -5.314832000000000445e-01
-4.750000000000000000e+01 -4.564911700000000017e-01
-4.650000000000000000e+01 -3.895720200000000188e-01
-4.550000000000000000e+01 -3.309075799999999790e-01
-4.450000000000000000e+01 -2.801247000000000043e-01
-4.350000000000000000e+01 -2.365565599999999991e-01
-4.250000000000000000e+01 -1.994152200000000041e-01
-4.150000000000000000e+01 -1.678951200000000088e-01
-4.050000000000000000e+01 -1.412310200000000127e-01
-3.950000000000000000e+01 -1.187258999999999953e-01
-3.850000000000000000e+01 -9.976163500000000128e-02
-3.750000000000000000e+01 -8.379934999999998080e-02
-3.650000000000000000e+01 -7.037479400000000440e-02
-3.550000000000000000e+01 -5.909099799999999875e-02
-3.450000000000000000e+01 -4.961048800000000120e-02
-3.350000000000000000e+01 -4.164741999999999750e-02
-3.250000000000000000e+01 -3.496031499999999875e-02
-3.149999999999999645e+01 -2.934555999999999970e-02
-3.049999999999999645e+01 -2.463168699999999933e-02
-2.950000000000000000e+01 -2.067445399999999836e-02
-2.849999999999999645e+01 -1.735258300000000128e-02
-2.749999999999999645e+01 -1.456417049999999928e-02
-2.650000000000000000e+01 -1.222360699999999918e-02
-2.549999999999999645e+01 -1.025898849999999987e-02
-2.449999999999999645e+01 -8.609940999999997693e-03
-2.350000000000000000e+01 -7.225761699999998754e-03
-2.250000000000000000e+01 -6.063874999999999821e-03
-2.149999999999999289e+01 -5.088564000000000281e-03
-2.049999999999999289e+01 -4.269819000000000218e-03
-1.949999999999999645e+01 -3.582457800000000102e-03
-1.850000000000000355e+01 -3.005321799999999873e-03
-1.750000000000000000e+01 -2.520688799999999934e-03
-1.650000000000000000e+01 -2.113622099999999931e-03
-1.550000000000000000e+01 -1.771617700000000092e-03
-1.450000000000000000e+01 -1.484118599999999970e-03
-1.350000000000000000e+01 -1.242291599999999956e-03
-1.250000000000000000e+01 -1.038714999999999951e-03
-1.150000000000000000e+01 -8.671103999999998490e-04
-1.050000000000000000e+01 -7.221973499999998457e-04
-9.500000000000000000e+00 -5.995179500000000390e-04
-8.500000000000000000e+00 -4.953047999999999609e-04
-7.500000000000000000e+00 -4.063394400000000040e-04
-6.500000000000000000e+00 -3.298762999999999912e-04
-5.500000000000000000e+00 -2.635752599999999874e-04
-4.500000000000000000e+00 -2.053961699999999949e-04
-3.500000000000000000e+00 -1.535406999999999918e-04
-2.500000000000000000e+00 -1.064123499999999943e-04
-1.500000000000000000e+00 -6.256249999999999604e-05
-5.000000000000000000e-01 -2.063799500000000094e-05
5.000000000000000000e-01 2.064193499999999873e-05
1.500000000000000000e+00 6.256362400000000420e-05
2.500000000000000000e+00 1.064101740000000020e-04
3.500000000000000000e+00 1.535464399999999867e-04
4.500000000000000000e+00 2.053950200000000093e-04
5.500000000000000000e+00 2.635837300000000243e-04
6.500000000000000000e+00 3.298804799999999855e-04
7.500000000000000000e+00 4.063456000000000012e-04
8.500000000000000000e+00 4.953131400000000293e-04
9.500000000000000000e+00 5.995339600000000341e-04
1.050000000000000711e+01 7.222080000000000079e-04
1.150000000000000000e+01 8.671211000000000283e-04
1.250000000000000000e+01 1.038728000000000047e-03
1.350000000000000711e+01 1.242306699999999901e-03
1.450000000000000000e+01 1.484119199999999958e-03
1.550000000000000000e+01 1.771598699999999901e-03
1.650000000000000000e+01 2.113604700000000069e-03
1.750000000000000000e+01 2.520668800000000053e-03
1.850000000000000000e+01 3.005292499999999856e-03
1.950000000000000000e+01 3.582401399999999951e-03
2.050000000000000000e+01 4.269766000000000360e-03
2.150000000000000000e+01 5.088505000000000111e-03
2.250000000000000000e+01 6.063816599999999855e-03
2.350000000000000000e+01 7.225698000000000017e-03
2.450000000000000000e+01 8.609897999999997775e-03
2.550000000000000000e+01 1.025897100000000041e-02
2.650000000000000000e+01 1.222360800000000039e-02
2.750000000000000000e+01 1.456417399999999918e-02
2.850000000000000000e+01 1.735257200000000014e-02
2.950000000000000000e+01 2.067443000000000058e-02
3.050000000000000000e+01 2.463165900000000019e-02
3.150000000000000000e+01 2.934553999999999982e-02
3.250000000000000000e+01 3.496030299999999813e-02
3.350000000000000000e+01 4.164740399999999898e-02
3.450000000000001421e+01 4.961046200000000100e-02
3.550000000000000000e+01 5.909096400000000276e-02
3.650000000000000000e+01 7.037477999999999789e-02
3.750000000000001421e+01 8.379935500000000592e-02
3.850000000000000000e+01 9.976164000000001253e-02
3.950000000000000000e+01 1.187258999999999953e-01
4.050000000000000000e+01 1.412310300000000074e-01
4.150000000000000000e+01 1.678951099999999863e-01
4.250000000000000000e+01 1.994151999999999869e-01
4.350000000000000000e+01 2.365565699999999938e-01
4.450000000000000000e+01 2.801247199999999937e-01
4.550000000000000000e+01 3.309076000000000239e-01
4.650000000000000000e+01 3.895719300000000107e-01
4.750000000000000000e+01 4.564911999999999859e-01
4.850000000000000000e+01 5.314832000000000445e-01
4.950000000000000000e+01 6.134471999999999703e-01
