-4.950000000000000000e+01 7.897322576707301867e-01
-4.850000000000000000e+01 8.470658854659779413e-01
-4.750000000000000000e+01 8.897254809430511502e-01
-4.650000000000000000e+01 9.209940206702569299e-01
-4.550000000000000000e+01 9.436615353013360075e-01
-4.450000000000000000e+01 9.599623197232581839e-01
-4.350000000000000000e+01 9.716166788247151409e-01
-4.250000000000000000e+01 9.799142616426766983e-01
-4.150000000000000711e+01 9.858042113140452756e-01
-4.050000000000000000e+01 9.899761537022349067e-01
-3.950000000000000000e+01 9.929266639083186297e-01
-3.850000000000000711e+01 9.950110484592535887e-01
-3.750000000000000000e+01 9.964823985764360570e-01
-3.650000000000000000e+01 9.975204249647069421e-01
-3.550000000000000711e+01 9.982524467043732974e-01
-3.450000000000000000e+01 9.987685208184953201e-01
-3.350000000000000000e+01 9.991322749493756206e-01
-3.250000000000000711e+01 9.993886269994790572e-01
-3.150000000000000355e+01 9.995692681871894969e-01
-3.050000000000000000e+01 9.996965484107384059e-01
-2.950000000000000000e+01 9.997862249126813206e-01
-2.850000000000000355e+01 9.998494045012394915e-01
-2.750000000000000000e+01 9.998939147782197612e-01
-2.650000000000000000e+01 9.999252716552023967e-01
-2.550000000000000000e+01 9.999473617193163077e-01
-2.450000000000000355e+01 9.999629233388906968e-01
-2.350000000000000000e+01 9.999738857912546797e-01
-2.250000000000000000e+01 9.999816082722651212e-01
-2.150000000000000355e+01 9.999870483236324992e-01
-2.050000000000000000e+01 9.999908805114406940e-01
-1.950000000000000000e+01 9.999935800444289535e-01
-1.850000000000000000e+01 9.999954816868069640e-01
-1.750000000000000355e+01 9.999968212632918130e-01
-1.650000000000000000e+01 9.999977648992930401e-01
-1.549999999999999822e+01 9.999984296200452594e-01
-1.450000000000000355e+01 9.999988978620359958e-01
-1.350000000000000178e+01 9.999992276956639614e-01
-1.249999999999999822e+01 9.999994600265313949e-01
-1.150000000000000355e+01 9.999996236682406892e-01
-1.050000000000000000e+01 9.999997389156860539e-01
-9.499999999999998224e+00 9.999998200619512057e-01
-8.500000000000003553e+00 9.999998771708954459e-01
-7.500000000000000888e+00 9.999999173252592799e-01
-6.499999999999998224e+00 9.999999455050604391e-01
-5.500000000000002665e+00 9.999999652052127264e-01
-4.500000000000000000e+00 9.999999788689732938e-01
-3.499999999999998224e+00 9.999999881909558130e-01
-2.500000000000002220e+00 9.999999943272941394e-01
-1.500000000000000000e+00 9.999999980390372745e-01
-5.000000000000044409e-01 9.999999997865267609e-01
4.999999999999978351e-01 9.999999997864976731e-01
1.500000000000000000e+00 9.999999980389487897e-01
2.499999999999995559e+00 9.999999943271534741e-01
3.499999999999998224e+00 9.999999881907697397e-01
4.500000000000000000e+00 9.999999788687570224e-01
5.499999999999995559e+00 9.999999652049802457e-01
6.499999999999998224e+00 9.999999455048314001e-01
7.500000000000000888e+00 9.999999173250581075e-01
8.499999999999996447e+00 9.999998771707487855e-01
9.499999999999998224e+00 9.999998200618849253e-01
1.050000000000000000e+01 9.999997389157302408e-01
1.149999999999999645e+01 9.999996236684186579e-01
1.250000000000000533e+01 9.999994600268627964e-01
1.350000000000000178e+01 9.999992276961500171e-01
1.449999999999999645e+01 9.999988978626650482e-01
1.549999999999999289e+01 9.999984296207709011e-01
1.650000000000000000e+01 9.999977649000442170e-01
1.749999999999999645e+01 9.999968212639396281e-01
1.849999999999999289e+01 9.999954816871836627e-01
1.950000000000000000e+01 9.999935800442825151e-01
2.049999999999999645e+01 9.999908805104802401e-01
2.149999999999999289e+01 9.999870483214629013e-01
2.250000000000000000e+01 9.999816082684721552e-01
2.349999999999999645e+01 9.999738857853127660e-01
2.449999999999999289e+01 9.999629233303151121e-01
2.550000000000000000e+01 9.999473617075418375e-01
2.649999999999999645e+01 9.999252716398081553e-01
2.749999999999999289e+01 9.998939147587627696e-01
2.850000000000000355e+01 9.998494044775593226e-01
2.949999999999999645e+01 9.997862248846627331e-01
3.049999999999999289e+01 9.996965483786290907e-01
3.150000000000000355e+01 9.995692681512697852e-01
3.250000000000000000e+01 9.993886269601837125e-01
3.349999999999999289e+01 9.991322749068523024e-01
3.450000000000000000e+01 9.987685207720987668e-01
3.550000000000000000e+01 9.982524466521057738e-01
3.649999999999999289e+01 9.975204249012964430e-01
3.750000000000000000e+01 9.964823984927115852e-01
3.850000000000000000e+01 9.950110483377582193e-01
3.949999999999999289e+01 9.929266637228871817e-01
4.050000000000000000e+01 9.899761534109789984e-01
4.150000000000000000e+01 9.858042108612383725e-01
4.249999999999999289e+01 9.799142609552640160e-01
4.350000000000000000e+01 9.716166778276208449e-01
4.450000000000000000e+01 9.599623183689163231e-01
4.549999999999999289e+01 9.436615336334673865e-01
4.650000000000000000e+01 9.209940186133348528e-01
4.750000000000000000e+01 8.897254783737011952e-01
4.849999999999999289e+01 8.470658825055953356e-01
4.950000000000000000e+01 7.897322543983313903e-01
