-4.950000000000000000e+01 7.897325116955100643e-01
-4.850000000000000000e+01 8.470661011745558300e-01
-4.750000000000000000e+01 8.897256600693983497e-01
-4.650000000000000000e+01 9.209941669834504907e-01
-4.550000000000000000e+01 9.436616534244031129e-01
-4.450000000000000000e+01 9.599624143087766015e-01
-4.350000000000000000e+01 9.716167541490110526e-01
-4.250000000000000000e+01 9.799143214110822564e-01
-4.150000000000000000e+01 9.858042585773452160e-01
-4.050000000000000000e+01 9.899761909814852601e-01
-3.950000000000000000e+01 9.929266932291195280e-01
-3.850000000000000000e+01 9.950110714710391768e-01
-3.750000000000000000e+01 9.964824165881854823e-01
-3.650000000000000000e+01 9.975204390370741026e-01
-3.550000000000000000e+01 9.982524576761089286e-01
-3.450000000000000000e+01 9.987685293604967596e-01
-3.350000000000000000e+01 9.991322815945989921e-01
-3.250000000000000000e+01 9.993886321635421233e-01
-3.150000000000000000e+01 9.995692721932822877e-01
-3.050000000000000000e+01 9.996965515110570744e-01
-2.950000000000000000e+01 9.997862273025094337e-01
-2.850000000000000000e+01 9.998494063327277859e-01
-2.750000000000000000e+01 9.998939161765963979e-01
-2.650000000000000000e+01 9.999252727172071031e-01
-2.550000000000000000e+01 9.999473625200695492e-01
-2.450000000000000000e+01 9.999629239402063607e-01
-2.350000000000000000e+01 9.999738862393835470e-01
-2.250000000000000000e+01 9.999816086030267615e-01
-2.150000000000000000e+01 9.999870485657091912e-01
-2.050000000000000000e+01 9.999908806860303701e-01
-1.950000000000000000e+01 9.999935801668815571e-01
-1.850000000000000000e+01 9.999954817700844600e-01
-1.750000000000000000e+01 9.999968213161483099e-01
-1.650000000000000000e+01 9.999977649294010673e-01
-1.550000000000000000e+01 9.999984296337545153e-01
-1.450000000000000000e+01 9.999988978637248671e-01
-1.350000000000000000e+01 9.999992276885592002e-01
-1.250000000000000000e+01 9.999994600137743772e-01
-1.150000000000000000e+01 9.999996236518591264e-01
-1.050000000000000000e+01 9.999997388971111345e-01
-9.500000000000000000e+00 9.999998200418195315e-01
-8.500000000000000000e+00 9.999998771501544814e-01
-7.500000000000000000e+00 9.999999173045790446e-01
-6.500000000000000000e+00 9.999999454848303992e-01
-5.500000000000000000e+00 9.999999651860422833e-01
-4.500000000000000000e+00 9.999999788510529619e-01
-3.500000000000000000e+00 9.999999881743260044e-01
-2.500000000000000000e+00 9.999999943124827650e-01
-1.500000000000000000e+00 9.999999980267877397e-01
-5.000000000000000000e-01 9.999999997768220794e-01
5.000000000000000000e-01 9.999999997793271866e-01
1.500000000000000000e+00 9.999999980353901918e-01
2.500000000000000000e+00 9.999999943280942771e-01
3.500000000000000000e+00 9.999999881966942228e-01
4.500000000000000000e+00 9.999999788803793921e-01
5.500000000000000000e+00 9.999999652243214410e-01
6.500000000000000000e+00 9.999999455337446053e-01
7.500000000000000000e+00 9.999999173657451168e-01
8.500000000000000000e+00 9.999998772263017921e-01
9.500000000000000000e+00 9.999998201355058125e-01
1.050000000000000000e+01 9.999997390119493845e-01
1.150000000000000000e+01 9.999996237932411436e-01
1.250000000000000000e+01 9.999994601886404988e-01
1.350000000000000000e+01 9.999992279043311560e-01
1.450000000000000000e+01 9.999988981293620460e-01
1.550000000000000000e+01 9.999984299626498707e-01
1.650000000000000000e+01 9.999977653374420017e-01
1.750000000000000000e+01 9.999968218219899008e-01
1.850000000000000000e+01 9.999954823977252882e-01
1.950000000000000000e+01 9.999935809481977911e-01
2.050000000000000000e+01 9.999908816593527927e-01
2.150000000000000000e+01 9.999870497831537808e-01
2.250000000000000000e+01 9.999816101278242719e-01
2.350000000000000000e+01 9.999738881492228337e-01
2.450000000000000000e+01 9.999629263384203215e-01
2.550000000000000000e+01 9.999473655366627467e-01
2.650000000000000000e+01 9.999252765092441209e-01
2.750000000000000000e+01 9.998939209503170389e-01
2.850000000000000000e+01 9.998494123505107245e-01
2.950000000000000000e+01 9.997862348911520369e-01
3.050000000000000000e+01 9.996965610919014145e-01
3.150000000000000000e+01 9.995692843069214906e-01
3.250000000000000000e+01 9.993886474842131884e-01
3.350000000000000000e+01 9.991323009834990332e-01
3.450000000000000000e+01 9.987685539137993729e-01
3.550000000000000000e+01 9.982524887827217697e-01
3.650000000000000000e+01 9.975204784566523708e-01
3.750000000000000000e+01 9.964824665516379687e-01
3.850000000000000000e+01 9.950111347893094704e-01
3.950000000000000000e+01 9.929267734417065450e-01
4.050000000000000000e+01 9.899762925192515661e-01
4.150000000000000000e+01 9.858043869523913649e-01
4.250000000000000000e+01 9.799144834192050624e-01
4.350000000000000000e+01 9.716169580405520367e-01
4.450000000000000000e+01 9.599626698679958325e-01
4.550000000000000000e+01 9.436619718855697725e-01
4.650000000000000000e+01 9.209945605900757837e-01
4.750000000000000000e+01 8.897261409889002381e-01
4.850000000000000000e+01 8.470666794225867324e-01
4.950000000000000000e+01 7.897331917412295788e-01
