-4.950000000000000000e+01 8.602218996979778903e-11
-4.850000000000000000e+01 8.078323762489035500e-11
-4.750000000000000000e+01 6.996806375049128105e-11
-4.650000000000000000e+01 5.829731440288860096e-11
-4.550000000000000000e+01 4.399238784179813758e-11
-4.450000000000000000e+01 3.327703806392755807e-11
-4.350000000000000000e+01 2.830005353990697359e-11
-4.250000000000000000e+01 3.187574820820290975e-11
-4.150000000000000711e+01 5.668729260850151148e-11
-4.050000000000000000e+01 9.663186079085278621e-11
-3.950000000000000000e+01 1.806879810418465141e-10
-3.850000000000000711e+01 2.911829843759383760e-10
-3.750000000000000000e+01 1.442071084963685933e-10
-3.650000000000000000e+01 1.347753033958732430e-10
-3.550000000000000711e+01 4.245219873329011524e-11
-3.450000000000000000e+01 1.948800237815732651e-12
-3.350000000000000000e+01 -4.449013688702069398e-11
-3.250000000000000711e+01 -6.796425151696046501e-11
-3.150000000000000355e+01 -8.028029024003860392e-11
-3.050000000000000000e+01 -8.254756088131104255e-11
-2.950000000000000000e+01 -7.551176247384965345e-11
-2.850000000000000355e+01 -6.859271673685256386e-11
-2.750000000000000000e+01 -5.731981129926336965e-11
-2.650000000000000000e+01 -5.306256121141511257e-11
-2.550000000000000000e+01 -4.787934155703104482e-11
-2.450000000000000355e+01 -5.304686349688151214e-11
-2.350000000000000000e+01 -5.838728238708743898e-11
-2.250000000000000000e+01 -7.457987894942581920e-11
-2.150000000000000355e+01 -9.030208794371033775e-11
-2.050000000000000000e+01 -1.155929204590852309e-10
-1.950000000000000000e+01 -1.389202906042697802e-10
-1.850000000000000000e+01 -1.697001195404174283e-10
-1.750000000000000355e+01 -1.969127515506046451e-10
-1.650000000000000000e+01 -2.292726330645872073e-10
-1.549999999999999822e+01 -2.567921936295651143e-10
-1.450000000000000355e+01 -2.874737983947430207e-10
-1.350000000000000178e+01 -3.126243710668802134e-10
-1.249999999999999822e+01 -3.394333085805302506e-10
-1.150000000000000355e+01 -3.605831517154186117e-10
-1.050000000000000000e+01 -3.823537775380906877e-10
-9.499999999999998224e+00 -3.988210921083186381e-10
-8.500000000000003553e+00 -4.153441947498093060e-10
-7.500000000000000888e+00 -4.272625449914081222e-10
-6.499999999999998224e+00 -4.389529772224011818e-10
-5.500000000000002665e+00 -4.469292754178372613e-10
-4.500000000000000000e+00 -4.545169794593918579e-10
-3.499999999999998224e+00 -4.592936843632337269e-10
-2.500000000000002220e+00 -4.634666767881476886e-10
-1.500000000000000000e+00 -4.656426906924965280e-10
-5.000000000000044409e-01 -4.669692666402871862e-10
4.999999999999978351e-01 -4.669692666402871862e-10
1.500000000000000000e+00 -4.656426906924965280e-10
2.499999999999995559e+00 -4.634666767881476886e-10
3.499999999999998224e+00 -4.592936843632337269e-10
4.500000000000000000e+00 -4.545169794593918579e-10
5.499999999999995559e+00 -4.469292754178372613e-10
6.499999999999998224e+00 -4.389529772224011818e-10
7.500000000000000888e+00 -4.272625449914081222e-10
8.499999999999996447e+00 -4.153441947498093060e-10
9.499999999999998224e+00 -3.988210921083186381e-10
1.050000000000000000e+01 -3.823537775380906877e-10
1.149999999999999645e+01 -3.605831517154186117e-10
1.250000000000000533e+01 -3.394333085805302506e-10
1.350000000000000178e+01 -3.126243710668802134e-10
1.449999999999999645e+01 -2.874737983947430207e-10
1.549999999999999289e+01 -2.567921936295651143e-10
1.650000000000000000e+01 -2.292726330645872073e-10
1.749999999999999645e+01 -1.969127515506046451e-10
1.849999999999999289e+01 -1.697001195404174283e-10
1.950000000000000000e+01 -1.389202906042697802e-10
2.049999999999999645e+01 -1.155929204590852309e-10
2.149999999999999289e+01 -9.030208794371033775e-11
2.250000000000000000e+01 -7.457987894942581920e-11
2.349999999999999645e+01 -5.838728238708743898e-11
2.449999999999999289e+01 -5.304686349688151214e-11
2.550000000000000000e+01 -4.787934155703104482e-11
2.649999999999999645e+01 -5.306256121141511257e-11
2.749999999999999289e+01 -5.731981129926336965e-11
2.850000000000000355e+01 -6.859271673685256386e-11
2.949999999999999645e+01 -7.551176247384965345e-11
3.049999999999999289e+01 -8.254756088131104255e-11
3.150000000000000355e+01 -8.028029024003860392e-11
3.250000000000000000e+01 -6.796425151696046501e-11
3.349999999999999289e+01 -4.449013688702069398e-11
3.450000000000000000e+01 1.948800237815732651e-12
3.550000000000000000e+01 4.245219873329011524e-11
3.649999999999999289e+01 1.347753033958732430e-10
3.750000000000000000e+01 1.442071084963685933e-10
3.850000000000000000e+01 2.911829843759383760e-10
3.949999999999999289e+01 1.806879810418465141e-10
4.050000000000000000e+01 9.663186079085278621e-11
4.150000000000000000e+01 5.668729260850151148e-11
4.249999999999999289e+01 3.187574820820290975e-11
4.350000000000000000e+01 2.830005353990697359e-11
4.450000000000000000e+01 3.327703806392755807e-11
4.549999999999999289e+01 4.399238784179813758e-11
4.650000000000000000e+01 5.829731440288860096e-11
4.750000000000000000e+01 6.996806375049128105e-11
4.849999999999999289e+01 8.078323762489035500e-11
4.950000000000000000e+01 8.602218996979778903e-11
