-4.950000000000000000e+01 7.897357999999999878e-01
-4.850000000000000000e+01 8.470689000000000135e-01
-4.750000000000000000e+01 8.897279999999998523e-01
-4.650000000000000000e+01 9.209960999999999842e-01
-4.550000000000000000e+01 9.436632000000000353e-01
-4.450000000000000000e+01 9.599636999999999754e-01
-4.350000000000000000e+01 9.716177599999999970e-01
-4.250000000000000000e+01 9.799151400000000178e-01
-4.150000000000000000e+01 9.858048600000000050e-01
-4.050000000000000000e+01 9.899766399999999633e-01
-3.950000000000000000e+01 9.929270999999999514e-01
-3.850000000000000000e+01 9.950114500000000195e-01
-3.750000000000000000e+01 9.964827000000000545e-01
-3.650000000000000000e+01 9.975207000000000379e-01
-3.550000000000000000e+01 9.982527000000002149e-01
-3.450000000000000000e+01 9.987686999999999538e-01
-3.350000000000000000e+01 9.991324000000000316e-01
-3.250000000000000000e+01 9.993887000000000187e-01
-3.149999999999999645e+01 9.995693000000002160e-01
-3.049999999999999645e+01 9.996966000000000463e-01
-2.950000000000000000e+01 9.997862600000000377e-01
-2.849999999999999645e+01 9.998494999999999466e-01
-2.749999999999999645e+01 9.998939599999999706e-01
-2.650000000000000000e+01 9.999253000000000169e-01
-2.549999999999999645e+01 9.999474000000000418e-01
-2.449999999999999645e+01 9.999629000000002099e-01
-2.350000000000000000e+01 9.999738999999999711e-01
-2.250000000000000000e+01 9.999816400000000050e-01
-2.149999999999999289e+01 9.999870699999999779e-01
-2.049999999999999289e+01 9.999909400000002169e-01
-1.949999999999999645e+01 9.999937000000002074e-01
-1.850000000000000355e+01 9.999955000000000371e-01
-1.750000000000000000e+01 9.999968999999999664e-01
-1.650000000000000000e+01 9.999978000000000478e-01
-1.550000000000000000e+01 9.999984499999999832e-01
-1.450000000000000000e+01 9.999989999999999712e-01
-1.350000000000000000e+01 9.999993000000000354e-01
-1.250000000000000000e+01 9.999995000000000411e-01
-1.150000000000000000e+01 9.999997000000000469e-01
-1.050000000000000000e+01 9.999998000000002163e-01
-9.500000000000000000e+00 9.999999000000000526e-01
-8.500000000000000000e+00 9.999999000000000526e-01
-7.500000000000000000e+00 1.000000000000000000e+00
-6.500000000000000000e+00 1.000000000000000000e+00
-5.500000000000000000e+00 1.000000000000000000e+00
-4.500000000000000000e+00 1.000000000000000000e+00
-3.500000000000000000e+00 1.000000000000000000e+00
-2.500000000000000000e+00 1.000000000000000000e+00
-1.500000000000000000e+00 1.000000000000000000e+00
-5.000000000000000000e-01 1.000000000000000000e+00
5.000000000000000000e-01 1.000000000000000000e+00
1.500000000000000000e+00 1.000000000000000000e+00
2.500000000000000000e+00 1.000000000000000000e+00
3.500000000000000000e+00 1.000000000000000000e+00
4.500000000000000000e+00 1.000000000000000000e+00
5.500000000000000000e+00 1.000000000000000000e+00
6.500000000000000000e+00 1.000000000000000000e+00
7.500000000000000000e+00 9.999999400000000316e-01
8.500000000000000000e+00 9.999999400000000316e-01
9.500000000000000000e+00 9.999999000000000526e-01
1.050000000000000711e+01 9.999998000000002163e-01
1.150000000000000000e+01 9.999997000000000469e-01
1.250000000000000000e+01 9.999995000000000411e-01
1.350000000000000711e+01 9.999993000000000354e-01
1.450000000000000000e+01 9.999989000000000239e-01
1.550000000000000000e+01 9.999984499999999832e-01
1.650000000000000000e+01 9.999978499999999659e-01
1.750000000000000000e+01 9.999968999999999664e-01
1.850000000000000000e+01 9.999954699999999974e-01
1.950000000000000000e+01 9.999936000000000380e-01
2.050000000000000000e+01 9.999909400000002169e-01
2.150000000000000000e+01 9.999870699999999779e-01
2.250000000000000000e+01 9.999816999999999734e-01
2.350000000000000000e+01 9.999738999999999711e-01
2.450000000000000000e+01 9.999630000000000463e-01
2.550000000000000000e+01 9.999474000000000418e-01
2.650000000000000000e+01 9.999253999999999643e-01
2.750000000000000000e+01 9.998939599999999706e-01
2.850000000000000000e+01 9.998494399999999782e-01
2.950000000000000000e+01 9.997862600000000377e-01
3.050000000000000000e+01 9.996966000000000463e-01
3.150000000000000000e+01 9.995693599999999623e-01
3.250000000000000000e+01 9.993887000000000187e-01
3.350000000000000000e+01 9.991324000000000316e-01
3.450000000000001421e+01 9.987686000000000064e-01
3.550000000000000000e+01 9.982527000000002149e-01
3.650000000000000000e+01 9.975207000000000379e-01
3.750000000000001421e+01 9.964827299999999832e-01
3.850000000000000000e+01 9.950114500000000195e-01
3.950000000000000000e+01 9.929271300000002132e-01
4.050000000000000000e+01 9.899767000000000428e-01
4.150000000000000000e+01 9.858048600000000050e-01
4.250000000000000000e+01 9.799151400000000178e-01
4.350000000000000000e+01 9.716177599999999970e-01
4.450000000000000000e+01 9.599636999999999754e-01
4.550000000000000000e+01 9.436632000000000353e-01
4.650000000000000000e+01 9.209960000000000369e-01
4.750000000000000000e+01 8.897279999999998523e-01
4.850000000000000000e+01 8.470688499999999843e-01
4.950000000000000000e+01 7.897357999999999878e-01
