-4.950000000000000000e+01 -3.956195949343552690e-08
-4.850000000000000000e+01 -3.921797349459568893e-08
-4.750000000000000000e+01 -3.900949759865127397e-08
-4.650000000000000000e+01 -3.898377591066088232e-08
-4.550000000000000000e+01 -3.911589805713295950e-08
-4.450000000000000000e+01 -3.943993223759086826e-08
-4.350000000000000000e+01 -4.000283597362460330e-08
-4.250000000000000000e+01 -4.087849137504552757e-08
-4.150000000000000000e+01 -4.199250655200630830e-08
-4.050000000000000000e+01 -4.319146162049955489e-08
-3.950000000000000000e+01 -4.452184260290906784e-08
-3.850000000000000000e+01 -4.603493300131168025e-08
-3.750000000000000000e+01 -4.766619055468002759e-08
-3.650000000000000000e+01 -4.934045266218860224e-08
-3.550000000000000000e+01 -5.100169003600710206e-08
-3.450000000000000000e+01 -5.269138745463140118e-08
-3.350000000000000000e+01 -5.445989558305674612e-08
-3.250000000000000000e+01 -5.625228300347766642e-08
-3.150000000000000000e+01 -5.804132970333072308e-08
-3.050000000000000000e+01 -5.989859610209199719e-08
-2.950000000000000000e+01 -6.179828042354145296e-08
-2.850000000000000000e+01 -6.368145754736835040e-08
-2.750000000000000000e+01 -6.552889374292885221e-08
-2.650000000000000000e+01 -6.729905038739785919e-08
-2.550000000000000000e+01 -6.906314129342967938e-08
-2.450000000000000000e+01 -7.084147188417386642e-08
-2.350000000000000000e+01 -7.248843434398631983e-08
-2.250000000000000000e+01 -7.398449281977741948e-08
-2.150000000000000000e+01 -7.542694883904037183e-08
-2.050000000000000000e+01 -7.686428759023984941e-08
-1.950000000000000000e+01 -7.827325287370495905e-08
-1.850000000000000000e+01 -7.960017411451593679e-08
-1.750000000000000000e+01 -8.084166215730474684e-08
-1.650000000000000000e+01 -8.207927954124812033e-08
-1.550000000000000000e+01 -8.327922073283296573e-08
-1.450000000000000000e+01 -8.435805029734219711e-08
-1.350000000000000000e+01 -8.537384317898111267e-08
-1.250000000000000000e+01 -8.635242765796924274e-08
-1.150000000000000000e+01 -8.725628992007711148e-08
-1.050000000000000000e+01 -8.804894984710631829e-08
-9.500000000000000000e+00 -8.870296348288386978e-08
-8.500000000000000000e+00 -8.930637353160192316e-08
-7.500000000000000000e+00 -8.991834010798167992e-08
-6.500000000000000000e+00 -9.045912582855953558e-08
-5.500000000000000000e+00 -9.089097184040564609e-08
-4.500000000000000000e+00 -9.126892591205923065e-08
-3.500000000000000000e+00 -9.159703324548169903e-08
-2.500000000000000000e+00 -9.188091223840587918e-08
-1.500000000000000000e+00 -9.208956633127896646e-08
-5.000000000000000000e-01 -9.215515339344662480e-08
5.000000000000000000e-01 -9.215515339344662480e-08
1.500000000000000000e+00 -9.208956633127896646e-08
2.500000000000000000e+00 -9.188091223840587918e-08
3.500000000000000000e+00 -9.159703324548169903e-08
4.500000000000000000e+00 -9.126892591205923065e-08
5.500000000000000000e+00 -9.089097184040564609e-08
6.500000000000000000e+00 -9.045912582855953558e-08
7.500000000000000000e+00 -8.991834010798167992e-08
8.500000000000000000e+00 -8.930637353160192316e-08
9.500000000000000000e+00 -8.870296348288386978e-08
1.050000000000000000e+01 -8.804894984710631829e-08
1.150000000000000000e+01 -8.725628992007711148e-08
1.250000000000000000e+01 -8.635242765796924274e-08
1.350000000000000000e+01 -8.537384317898111267e-08
1.450000000000000000e+01 -8.435805029734219711e-08
1.550000000000000000e+01 -8.327922073283296573e-08
1.650000000000000000e+01 -8.207927954124812033e-08
1.750000000000000000e+01 -8.084166215730474684e-08
1.850000000000000000e+01 -7.960017411451593679e-08
1.950000000000000000e+01 -7.827325287370495905e-08
2.050000000000000000e+01 -7.686428759023984941e-08
2.150000000000000000e+01 -7.542694883904037183e-08
2.250000000000000000e+01 -7.398449281977741948e-08
2.350000000000000000e+01 -7.248843434398631983e-08
2.450000000000000000e+01 -7.084147188417386642e-08
2.550000000000000000e+01 -6.906314129342967938e-08
2.650000000000000000e+01 -6.729905038739785919e-08
2.750000000000000000e+01 -6.552889374292885221e-08
2.850000000000000000e+01 -6.368145754736835040e-08
2.950000000000000000e+01 -6.179828042354145296e-08
3.050000000000000000e+01 -5.989859610209199719e-08
3.150000000000000000e+01 -5.804132970333072308e-08
3.250000000000000000e+01 -5.625228300347766642e-08
3.350000000000000000e+01 -5.445989558305674612e-08
3.450000000000000000e+01 -5.269138745463140118e-08
3.550000000000000000e+01 -5.100169003600710206e-08
3.650000000000000000e+01 -4.934045266218860224e-08
3.750000000000000000e+01 -4.766619055468002759e-08
3.850000000000000000e+01 -4.603493300131168025e-08
3.950000000000000000e+01 -4.452184260290906784e-08
4.050000000000000000e+01 -4.319146162049955489e-08
4.150000000000000000e+01 -4.199250655200630830e-08
4.250000000000000000e+01 -4.087849137504552757e-08
4.350000000000000000e+01 -4.000283597362460330e-08
4.450000000000000000e+01 -3.943993223759086826e-08
4.550000000000000000e+01 -3.911589805713295950e-08
4.650000000000000000e+01 -3.898377591066088232e-08
4.750000000000000000e+01 -3.900949759865127397e-08
4.850000000000000000e+01 -3.921797349459568893e-08
4.950000000000000000e+01 -3.956195949343552690e-08
