-4.950000000000000000e+01 7.897322565195477040e-01
-4.850000000000000000e+01 8.470658843721953213e-01
-4.750000000000000000e+01 8.897254799530883718e-01
-4.650000000000000000e+01 9.209940198126232991e-01
-4.550000000000000000e+01 9.436615346093871759e-01
-4.450000000000000000e+01 9.599623192029115293e-01
-4.350000000000000000e+01 9.716166784744023621e-01
-4.250000000000000000e+01 9.799142614709452914e-01
-4.150000000000000711e+01 9.858042112560697623e-01
-4.050000000000000000e+01 9.899761537361140284e-01
-3.950000000000000000e+01 9.929266639742848621e-01
-3.850000000000000711e+01 9.950110485136779426e-01
-3.750000000000000000e+01 9.964823986119104582e-01
-3.650000000000000000e+01 9.975204250042662979e-01
-3.550000000000000711e+01 9.982524467363093068e-01
-3.450000000000000000e+01 9.987685208496673850e-01
-3.350000000000000000e+01 9.991322749756093025e-01
-3.250000000000000711e+01 9.993886270229883628e-01
-3.150000000000000355e+01 9.995692682066313894e-01
-3.050000000000000000e+01 9.996965484270907698e-01
-2.950000000000000000e+01 9.997862249257627454e-01
-2.850000000000000355e+01 9.998494045116917972e-01
-2.750000000000000000e+01 9.998939147863116217e-01
-2.650000000000000000e+01 9.999252716614255299e-01
-2.550000000000000000e+01 9.999473617240302037e-01
-2.450000000000000355e+01 9.999629233424592867e-01
-2.350000000000000000e+01 9.999738857939709513e-01
-2.250000000000000000e+01 9.999816082743697709e-01
-2.150000000000000355e+01 9.999870483253116005e-01
-2.050000000000000000e+01 9.999908805128302491e-01
-1.950000000000000000e+01 9.999935800456232204e-01
-1.850000000000000000e+01 9.999954816878674491e-01
-1.750000000000000355e+01 9.999968212642511567e-01
-1.650000000000000000e+01 9.999977649001696722e-01
-1.549999999999999822e+01 9.999984296208430656e-01
-1.450000000000000355e+01 9.999988978627546432e-01
-1.350000000000000178e+01 9.999992276962976767e-01
-1.249999999999999822e+01 9.999994600270778466e-01
-1.150000000000000355e+01 9.999996236686941042e-01
-1.050000000000000000e+01 9.999997389160499850e-01
-9.499999999999998224e+00 9.999998200622267630e-01
-8.500000000000003553e+00 9.999998771710918444e-01
-7.500000000000000888e+00 9.999999173253849571e-01
-6.499999999999998224e+00 9.999999455051256092e-01
-5.500000000000002665e+00 9.999999652052314891e-01
-4.500000000000000000e+00 9.999999788689593050e-01
-3.499999999999998224e+00 9.999999881909209520e-01
-2.500000000000002220e+00 9.999999943272546155e-01
-1.500000000000000000e+00 9.999999980390046339e-01
-5.000000000000044409e-01 9.999999997865138823e-01
4.999999999999978351e-01 9.999999997865138823e-01
1.500000000000000000e+00 9.999999980390046339e-01
2.499999999999995559e+00 9.999999943272546155e-01
3.499999999999998224e+00 9.999999881909209520e-01
4.500000000000000000e+00 9.999999788689593050e-01
5.499999999999995559e+00 9.999999652052314891e-01
6.499999999999998224e+00 9.999999455051256092e-01
7.500000000000000888e+00 9.999999173253849571e-01
8.499999999999996447e+00 9.999998771710918444e-01
9.499999999999998224e+00 9.999998200622267630e-01
1.050000000000000000e+01 9.999997389160499850e-01
1.149999999999999645e+01 9.999996236686941042e-01
1.250000000000000533e+01 9.999994600270778466e-01
1.350000000000000178e+01 9.999992276962976767e-01
1.449999999999999645e+01 9.999988978627546432e-01
1.549999999999999289e+01 9.999984296208430656e-01
1.650000000000000000e+01 9.999977649001696722e-01
1.749999999999999645e+01 9.999968212642511567e-01
1.849999999999999289e+01 9.999954816878674491e-01
1.950000000000000000e+01 9.999935800456232204e-01
2.049999999999999645e+01 9.999908805128302491e-01
2.149999999999999289e+01 9.999870483253116005e-01
2.250000000000000000e+01 9.999816082743697709e-01
2.349999999999999645e+01 9.999738857939709513e-01
2.449999999999999289e+01 9.999629233424592867e-01
2.550000000000000000e+01 9.999473617240302037e-01
2.649999999999999645e+01 9.999252716614255299e-01
2.749999999999999289e+01 9.998939147863116217e-01
2.850000000000000355e+01 9.998494045116917972e-01
2.949999999999999645e+01 9.997862249257627454e-01
3.049999999999999289e+01 9.996965484270907698e-01
3.150000000000000355e+01 9.995692682066313894e-01
3.250000000000000000e+01 9.993886270229883628e-01
3.349999999999999289e+01 9.991322749756093025e-01
3.450000000000000000e+01 9.987685208496673850e-01
3.550000000000000000e+01 9.982524467363093068e-01
3.649999999999999289e+01 9.975204250042662979e-01
3.750000000000000000e+01 9.964823986119104582e-01
3.850000000000000000e+01 9.950110485136779426e-01
3.949999999999999289e+01 9.929266639742848621e-01
4.050000000000000000e+01 9.899761537361140284e-01
4.150000000000000000e+01 9.858042112560697623e-01
4.249999999999999289e+01 9.799142614709452914e-01
4.350000000000000000e+01 9.716166784744023621e-01
4.450000000000000000e+01 9.599623192029115293e-01
4.549999999999999289e+01 9.436615346093871759e-01
4.650000000000000000e+01 9.209940198126232991e-01
4.750000000000000000e+01 8.897254799530883718e-01
4.849999999999999289e+01 8.470658843721953213e-01
4.950000000000000000e+01 7.897322565195477040e-01
