-4.950000000000000000e+01 7.897342000000000528e-01
-4.850000000000000000e+01 8.470675300000000130e-01
-4.750000000000000000e+01 8.897268999999999872e-01
-4.650000000000000000e+01 9.209952000000000139e-01
-4.550000000000000000e+01 9.436624599999999807e-01
-4.450000000000000000e+01 9.599630000000000107e-01
-4.350000000000000000e+01 9.716171999999999587e-01
-4.250000000000000000e+01 9.799147999999999747e-01
-4.150000000000000000e+01 9.858045600000000519e-01
-4.050000000000000000e+01 9.899764699999999973e-01
-3.950000000000000000e+01 9.929268999999999457e-01
-3.850000000000000000e+01 9.950111999999999846e-01
-3.750000000000000000e+01 9.964825999999999961e-01
-3.650000000000000000e+01 9.975205000000000322e-01
-3.550000000000000000e+01 9.982526000000000455e-01
-3.450000000000000000e+01 9.987685699999999667e-01
-3.350000000000000000e+01 9.991324000000000316e-01
-3.250000000000000000e+01 9.993887000000000187e-01
-3.149999999999999645e+01 9.995693599999999623e-01
-3.049999999999999645e+01 9.996966000000000463e-01
-2.950000000000000000e+01 9.997862600000000377e-01
-2.849999999999999645e+01 9.998494399999999782e-01
-2.749999999999999645e+01 9.998939599999999706e-01
-2.650000000000000000e+01 9.999252600000000379e-01
-2.549999999999999645e+01 9.999473700000000020e-01
-2.449999999999999645e+01 9.999629000000002099e-01
-2.350000000000000000e+01 9.999738999999999711e-01
-2.250000000000000000e+01 9.999816000000000260e-01
-2.149999999999999289e+01 9.999870699999999779e-01
-2.049999999999999289e+01 9.999909000000000159e-01
-1.949999999999999645e+01 9.999936000000000380e-01
-1.850000000000000355e+01 9.999955000000000371e-01
-1.750000000000000000e+01 9.999968999999999664e-01
-1.650000000000000000e+01 9.999978000000000478e-01
-1.550000000000000000e+01 9.999985000000000124e-01
-1.450000000000000000e+01 9.999989000000000239e-01
-1.350000000000000000e+01 9.999991999999999770e-01
-1.250000000000000000e+01 9.999994599999999512e-01
-1.150000000000000000e+01 9.999997000000000469e-01
-1.050000000000000000e+01 9.999997600000000153e-01
-9.500000000000000000e+00 9.999998000000002163e-01
-8.500000000000000000e+00 9.999999400000000316e-01
-7.500000000000000000e+00 1.000000000000000000e+00
-6.500000000000000000e+00 1.000000000000000000e+00
-5.500000000000000000e+00 1.000000000000000000e+00
-4.500000000000000000e+00 1.000000000000000000e+00
-3.500000000000000000e+00 1.000000000000000000e+00
-2.500000000000000000e+00 1.000000000000000000e+00
-1.500000000000000000e+00 1.000000000000000000e+00
-5.000000000000000000e-01 1.000000000000000000e+00
5.000000000000000000e-01 1.000000000000000000e+00
1.500000000000000000e+00 1.000000000000000000e+00
2.500000000000000000e+00 1.000000000000000000e+00
3.500000000000000000e+00 1.000000000000000000e+00
4.500000000000000000e+00 1.000000000000000000e+00
5.500000000000000000e+00 1.000000000000000000e+00
6.500000000000000000e+00 1.000000000000000000e+00
7.500000000000000000e+00 1.000000000000000000e+00
8.500000000000000000e+00 9.999999400000000316e-01
9.500000000000000000e+00 9.999999000000000526e-01
1.050000000000000711e+01 9.999998000000002163e-01
1.150000000000000000e+01 9.999996399999999674e-01
1.250000000000000000e+01 9.999994599999999512e-01
1.350000000000000711e+01 9.999991999999999770e-01
1.450000000000000000e+01 9.999989999999999712e-01
1.550000000000000000e+01 9.999985000000000124e-01
1.650000000000000000e+01 9.999978499999999659e-01
1.750000000000000000e+01 9.999968999999999664e-01
1.850000000000000000e+01 9.999954699999999974e-01
1.950000000000000000e+01 9.999936000000000380e-01
2.050000000000000000e+01 9.999909400000002169e-01
2.150000000000000000e+01 9.999870699999999779e-01
2.250000000000000000e+01 9.999816400000000050e-01
2.350000000000000000e+01 9.999738999999999711e-01
2.450000000000000000e+01 9.999629000000002099e-01
2.550000000000000000e+01 9.999474000000000418e-01
2.650000000000000000e+01 9.999252600000000379e-01
2.750000000000000000e+01 9.998939599999999706e-01
2.850000000000000000e+01 9.998494399999999782e-01
2.950000000000000000e+01 9.997862600000000377e-01
3.050000000000000000e+01 9.996965500000000171e-01
3.150000000000000000e+01 9.995693599999999623e-01
3.250000000000000000e+01 9.993887500000000479e-01
3.350000000000000000e+01 9.991324000000000316e-01
3.450000000000001421e+01 9.987686000000000064e-01
3.550000000000000000e+01 9.982525000000002091e-01
3.650000000000000000e+01 9.975205700000000508e-01
3.750000000000001421e+01 9.964825999999999961e-01
3.850000000000000000e+01 9.950111999999999846e-01
3.950000000000000000e+01 9.929269600000000251e-01
4.050000000000000000e+01 9.899764699999999973e-01
4.150000000000000000e+01 9.858045600000000519e-01
4.250000000000000000e+01 9.799147000000000274e-01
4.350000000000000000e+01 9.716173399999999960e-01
4.450000000000000000e+01 9.599630000000000107e-01
4.550000000000000000e+01 9.436624000000000123e-01
4.650000000000000000e+01 9.209950999999999555e-01
4.750000000000000000e+01 8.897268999999999872e-01
4.850000000000000000e+01 8.470675300000000130e-01
4.950000000000000000e+01 7.897342000000000528e-01
