-4.950000000000000000e+01 -6.134513508855365949e-01
-4.850000000000000000e+01 -5.314875541113349700e-01
-4.750000000000000000e+01 -4.564956185527269117e-01
-4.650000000000000000e+01 -3.895763652198707128e-01
-4.550000000000000000e+01 -3.309118973691583254e-01
-4.450000000000000000e+01 -2.801288329999025439e-01
-4.350000000000000000e+01 -2.365605271703715984e-01
-4.250000000000000000e+01 -1.994189626206578358e-01
-4.150000000000000000e+01 -1.678986710480635525e-01
-4.050000000000000000e+01 -1.412343487617712390e-01
-3.950000000000000000e+01 -1.187290270483221666e-01
-3.850000000000000000e+01 -9.976456109375884951e-02
-3.750000000000000000e+01 -8.380210878450856937e-02
-3.650000000000000000e+01 -7.037736647910959598e-02
-3.550000000000000000e+01 -5.909340702924049255e-02
-3.450000000000000000e+01 -4.961274804201963595e-02
-3.350000000000000000e+01 -4.164953639003648317e-02
-3.250000000000000000e+01 -3.496229260870928335e-02
-3.150000000000000000e+01 -2.934740338150284081e-02
-3.050000000000000000e+01 -2.463341007541305222e-02
-2.950000000000000000e+01 -2.067606556344544350e-02
-2.850000000000000000e+01 -1.735409587515004959e-02
-2.750000000000000000e+01 -1.456558890697912979e-02
-2.650000000000000000e+01 -1.222493220783814165e-02
-2.550000000000000000e+01 -1.026022285685854706e-02
-2.450000000000000000e+01 -8.611081806418254686e-03
-2.350000000000000000e+01 -7.226812852355834343e-03
-2.250000000000000000e+01 -6.064852753460473617e-03
-2.150000000000000000e+01 -5.089468000858978457e-03
-2.050000000000000000e+01 -4.270659089231585229e-03
-1.950000000000000000e+01 -3.583239910932217026e-03
-1.850000000000000000e+01 -3.006064344858903718e-03
-1.750000000000000000e+01 -2.521376619175542087e-03
-1.650000000000000000e+01 -2.114265357664207000e-03
-1.550000000000000000e+01 -1.772205407619954287e-03
-1.450000000000000000e+01 -1.484672753122201353e-03
-1.350000000000000000e+01 -1.242820672901290410e-03
-1.250000000000000000e+01 -1.039208002157934437e-03
-1.150000000000000000e+01 -8.675698849048886236e-04
-1.050000000000000000e+01 -7.226252963995810543e-04
-9.500000000000000000e+00 -5.999145636970062848e-04
-8.500000000000000000e+00 -4.956619690262939904e-04
-7.500000000000000000e+00 -4.066598440957374500e-04
-6.500000000000000000e+00 -3.301694103557811506e-04
-5.500000000000000000e+00 -2.638370586002239046e-04
-4.500000000000000000e+00 -2.056215158114876678e-04
-3.500000000000000000e+00 -1.537313080262536151e-04
-2.500000000000000000e+00 -1.065697176566501327e-04
-1.500000000000000000e+00 -6.268551858477664309e-05
-5.000000000000000000e-01 -2.072836850446693678e-05
5.000000000000000000e-01 2.059276431401024692e-05
1.500000000000000000e+00 6.254944880304228350e-05
2.500000000000000000e+00 1.064327587777188523e-04
3.500000000000000000e+00 1.535931255636325892e-04
4.500000000000000000e+00 2.054818157204024189e-04
5.500000000000000000e+00 2.636955056030324115e-04
6.500000000000000000e+00 3.300256214432183491e-04
7.500000000000000000e+00 4.065134561929103813e-04
8.500000000000000000e+00 4.955126335253902782e-04
9.500000000000000000e+00 5.997618789501216489e-04
1.050000000000000000e+01 7.224687897774797248e-04
1.150000000000000000e+01 8.674089734662723946e-04
1.250000000000000000e+01 1.039042029154558112e-03
1.350000000000000000e+01 1.242649025947399361e-03
1.450000000000000000e+01 1.484494891807644490e-03
1.550000000000000000e+01 1.772020814585367711e-03
1.650000000000000000e+01 2.114073498010164524e-03
1.750000000000000000e+01 2.521176900429928074e-03
1.850000000000000000e+01 3.005856073919654144e-03
1.950000000000000000e+01 3.583022306793072227e-03
2.050000000000000000e+01 4.270431329148077597e-03
2.150000000000000000e+01 5.089229183055415245e-03
2.250000000000000000e+01 6.064601860788558681e-03
2.350000000000000000e+01 7.226548808255304004e-03
2.450000000000000000e+01 8.610803542794968901e-03
2.550000000000000000e+01 1.025992929330588402e-02
2.650000000000000000e+01 1.222462222454531386e-02
2.750000000000000000e+01 1.456526131171146515e-02
2.850000000000000000e+01 1.735374934608727160e-02
2.950000000000000000e+01 2.067569860093097442e-02
3.050000000000000000e+01 2.463302108010074348e-02
3.150000000000000000e+01 2.934699067748860329e-02
3.250000000000000000e+01 3.496185443981072311e-02
3.350000000000000000e+01 4.164907093382099607e-02
3.450000000000000000e+01 4.961225337690720882e-02
3.550000000000000000e+01 5.909288112161640433e-02
3.650000000000000000e+01 7.037680725841471974e-02
3.750000000000000000e+01 8.380151419841030958e-02
3.850000000000000000e+01 9.976392914410096846e-02
3.950000000000000000e+01 1.187283558503746117e-01
4.050000000000000000e+01 1.412336367158958383e-01
4.150000000000000000e+01 1.678979170266297893e-01
4.250000000000000000e+01 1.994181662955617496e-01
4.350000000000000000e+01 2.365596895397378552e-01
4.450000000000000000e+01 2.801279570871954561e-01
4.550000000000000000e+01 3.309109890964688772e-01
4.650000000000000000e+01 3.895754345951047415e-01
4.750000000000000000e+01 4.564946811322023734e-01
4.850000000000000000e+01 5.314866324391430696e-01
4.950000000000000000e+01 6.134504753536521582e-01
