-4.950000000000000000e+01 -9.907888999999999471e-09
-4.850000000000000000e+01 -7.456681499999997935e-09
-4.750000000000000000e+01 -1.227447649999999929e-08
-4.650000000000000000e+01 -9.424367000000000073e-09
-4.550000000000000000e+01 -5.390866999999999888e-09
-4.450000000000000000e+01 -7.591969999999999789e-09
-4.350000000000000000e+01 -3.028108200000000046e-09
-4.250000000000000000e+01 7.267591399999998921e-09
-4.150000000000000000e+01 1.133620299999999992e-08
-4.050000000000000000e+01 1.947118900000000014e-08
-3.950000000000000000e+01 2.446710600000000069e-08
-3.850000000000000000e+01 2.715178100000000021e-08
-3.750000000000000000e+01 2.222288299999999898e-08
-3.650000000000000000e+01 1.663692799999999890e-08
-3.550000000000000000e+01 1.198716150000000026e-08
-3.450000000000000000e+01 9.724693000000000800e-09
-3.350000000000000000e+01 5.428002999999999997e-09
-3.250000000000000000e+01 3.345357599999999975e-10
-3.149999999999999645e+01 -3.854797400000000377e-09
-3.049999999999999645e+01 -1.060420300000000038e-08
-2.950000000000000000e+01 -1.551560500000000124e-08
-2.849999999999999645e+01 -1.446981000000000051e-08
-2.749999999999999645e+01 -1.424924200000000012e-08
-2.650000000000000000e+01 -5.793992999999999888e-09
-2.549999999999999645e+01 4.577696399999999702e-09
-2.449999999999999645e+01 9.833330000000000412e-09
-2.350000000000000000e+01 1.856753300000000125e-08
-2.250000000000000000e+01 2.432976999999999962e-08
-2.149999999999999289e+01 1.999382700000000133e-08
-2.049999999999999289e+01 2.122776300000000045e-08
-1.949999999999999645e+01 1.256390299999999973e-08
-1.850000000000000355e+01 9.233960999999999315e-09
-1.750000000000000000e+01 8.966576000000000656e-09
-1.650000000000000000e+01 8.684926999999997920e-09
-1.550000000000000000e+01 3.705805699999999918e-09
-1.450000000000000000e+01 -2.305365199999999992e-09
-1.350000000000000000e+01 -4.258815000000000042e-09
-1.250000000000000000e+01 -9.468345000000001594e-09
-1.150000000000000000e+01 -1.112051200000000073e-08
-1.050000000000000000e+01 -1.282113900000000076e-08
-9.500000000000000000e+00 -9.824958000000000143e-09
-8.500000000000000000e+00 -9.530714999999999591e-09
-7.500000000000000000e+00 -7.618915999999999956e-09
-6.500000000000000000e+00 -1.055757700000000013e-08
-5.500000000000000000e+00 -1.453522399999999940e-08
-4.500000000000000000e+00 -1.095622099999999994e-08
-3.500000000000000000e+00 -5.680061299999999926e-09
-2.500000000000000000e+00 4.185743399999999804e-10
-1.500000000000000000e+00 4.005267000000000041e-09
-5.000000000000000000e-01 7.842542999999997740e-09
5.000000000000000000e-01 7.988422000000000644e-09
1.500000000000000000e+00 -8.570506999999998640e-10
2.500000000000000000e+00 -1.235341200000000048e-08
3.500000000000000000e+00 -1.464563699999999935e-08
4.500000000000000000e+00 -1.976479399999999915e-08
5.500000000000000000e+00 -1.678313000000000055e-08
6.500000000000000000e+00 -1.352675799999999991e-08
7.500000000000000000e+00 -1.209140400000000028e-08
8.500000000000000000e+00 -1.323580699999999989e-08
9.500000000000000000e+00 -1.017516700000000042e-08
1.050000000000000711e+01 -7.803152999999997942e-09
1.150000000000000000e+01 -4.032648400000000138e-10
1.250000000000000000e+01 2.673545000000000201e-09
1.350000000000000711e+01 5.613832500000000218e-09
1.450000000000000000e+01 2.404579999999999983e-09
1.550000000000000000e+01 -1.363920800000000028e-09
1.650000000000000000e+01 -1.372258750000000072e-08
1.750000000000000000e+01 -2.281084799999999944e-08
1.850000000000000000e+01 -2.837065200000000130e-08
1.950000000000000000e+01 -3.083068399999999846e-08
2.050000000000000000e+01 -3.118567800000000204e-08
2.150000000000000000e+01 -2.285220700000000155e-08
2.250000000000000000e+01 -1.749480199999999858e-08
2.350000000000000000e+01 -6.158139000000000090e-09
2.450000000000000000e+01 -2.858678999999999988e-09
2.550000000000000000e+01 6.039364599999999314e-10
2.650000000000000000e+01 1.687176099999999955e-09
2.750000000000000000e+01 1.009450160000000029e-10
2.850000000000000000e+01 2.095440500000000112e-09
2.950000000000000000e+01 -4.970122599999999585e-10
3.050000000000000000e+01 -6.430595599999999945e-09
3.150000000000000000e+01 -9.608924000000000804e-09
3.250000000000000000e+01 -1.921848299999999889e-08
3.350000000000000000e+01 -2.621331599999999936e-08
3.450000000000001421e+01 -3.114192000000000282e-08
3.550000000000000000e+01 -2.943843400000000133e-08
3.650000000000000000e+01 -2.752189800000000045e-08
3.750000000000001421e+01 -2.369199399999999940e-08
3.850000000000000000e+01 -1.424425799999999955e-08
3.950000000000000000e+01 -1.167511599999999925e-08
4.050000000000000000e+01 -8.536706499999998039e-09
4.150000000000000000e+01 -3.036155000000000048e-09
4.250000000000000000e+01 -2.397483799999999843e-09
4.350000000000000000e+01 1.210024699999999973e-09
4.450000000000000000e+01 6.958574000000000335e-09
4.550000000000000000e+01 1.507383399999999988e-08
4.650000000000000000e+01 1.638948999999999941e-08
4.750000000000000000e+01 2.462300199999999884e-08
4.850000000000000000e+01 2.388408200000000032e-08
4.950000000000000000e+01 2.606209599999999954e-08
