-4.950000000000000000e+01 8.598721058539615601e-11
-4.850000000000000000e+01 8.074916914773953435e-11
-4.750000000000000000e+01 6.993536082528244286e-11
-4.650000000000000000e+01 5.826633169763268174e-11
-4.550000000000000000e+01 4.396336711263732718e-11
-4.450000000000000000e+01 3.325034304914372348e-11
-4.350000000000000000e+01 2.827567914720127968e-11
-4.250000000000000000e+01 3.185383327282686290e-11
-4.150000000000000711e+01 5.666731315350604198e-11
-4.050000000000000000e+01 9.661377991326708913e-11
-3.950000000000000000e+01 1.806706712909907021e-10
-3.850000000000000711e+01 2.911666133762430151e-10
-3.750000000000000000e+01 1.441940902273244229e-10
-3.650000000000000000e+01 1.347644196361500033e-10
-3.550000000000000711e+01 4.244412879990464454e-11
-3.450000000000000000e+01 1.942266596542011454e-12
-3.350000000000000000e+01 -4.449496248360929812e-11
-3.250000000000000711e+01 -6.796659101463174144e-11
-3.150000000000000355e+01 -8.027983563572023252e-11
-3.050000000000000000e+01 -8.254518109655162832e-11
-2.950000000000000000e+01 -7.550720385963441110e-11
-2.850000000000000355e+01 -6.858551377720372386e-11
-2.750000000000000000e+01 -5.730907971709139547e-11
-2.650000000000000000e+01 -5.304711045054302266e-11
-2.550000000000000000e+01 -4.785832405363802142e-11
-2.450000000000000355e+01 -5.302086305924291017e-11
-2.350000000000000000e+01 -5.835558882775767948e-11
-2.250000000000000000e+01 -7.453315257420477732e-11
-2.150000000000000355e+01 -9.024155976681070162e-11
-2.050000000000000000e+01 -1.155338156346499945e-10
-1.950000000000000000e+01 -1.388695470690604672e-10
-1.850000000000000000e+01 -1.696468319491837201e-10
-1.750000000000000355e+01 -1.968633131400267615e-10
-1.650000000000000000e+01 -2.292799068600349012e-10
-1.549999999999999822e+01 -2.568624805890151152e-10
-1.450000000000000355e+01 -2.875593467504279297e-10
-1.350000000000000178e+01 -3.126968715347511988e-10
-1.249999999999999822e+01 -3.394680056808593128e-10
-1.150000000000000355e+01 -3.605845759314605015e-10
-1.050000000000000000e+01 -3.823271423089465087e-10
-9.499999999999998224e+00 -3.987795982468197659e-10
-8.500000000000003553e+00 -4.153085961503058281e-10
-7.500000000000000888e+00 -4.272420733875534691e-10
-6.499999999999998224e+00 -4.389833579321628199e-10
-5.500000000000002665e+00 -4.470032370507034657e-10
-4.500000000000000000e+00 -4.545662724675569462e-10
-3.499999999999998224e+00 -4.592973625803976572e-10
-2.500000000000002220e+00 -4.634463537948616267e-10
-1.500000000000000000e+00 -4.656099066728813841e-10
-5.000000000000044409e-01 -4.669287614899476191e-10
4.999999999999978351e-01 -4.669287614899476191e-10
1.500000000000000000e+00 -4.656099066728813841e-10
2.499999999999995559e+00 -4.634463537948616267e-10
3.499999999999998224e+00 -4.592973625803976572e-10
4.500000000000000000e+00 -4.545662724675569462e-10
5.499999999999995559e+00 -4.470032370507034657e-10
6.499999999999998224e+00 -4.389833579321628199e-10
7.500000000000000888e+00 -4.272420733875534691e-10
8.499999999999996447e+00 -4.153085961503058281e-10
9.499999999999998224e+00 -3.987795982468197659e-10
1.050000000000000000e+01 -3.823271423089465087e-10
1.149999999999999645e+01 -3.605845759314605015e-10
1.250000000000000533e+01 -3.394680056808593128e-10
1.350000000000000178e+01 -3.126968715347511988e-10
1.449999999999999645e+01 -2.875593467504279297e-10
1.549999999999999289e+01 -2.568624805890151152e-10
1.650000000000000000e+01 -2.292799068600349012e-10
1.749999999999999645e+01 -1.968633131400267615e-10
1.849999999999999289e+01 -1.696468319491837201e-10
1.950000000000000000e+01 -1.388695470690604672e-10
2.049999999999999645e+01 -1.155338156346499945e-10
2.149999999999999289e+01 -9.024155976681070162e-11
2.250000000000000000e+01 -7.453315257420477732e-11
2.349999999999999645e+01 -5.835558882775767948e-11
2.449999999999999289e+01 -5.302086305924291017e-11
2.550000000000000000e+01 -4.785832405363802142e-11
2.649999999999999645e+01 -5.304711045054302266e-11
2.749999999999999289e+01 -5.730907971709139547e-11
2.850000000000000355e+01 -6.858551377720372386e-11
2.949999999999999645e+01 -7.550720385963441110e-11
3.049999999999999289e+01 -8.254518109655162832e-11
3.150000000000000355e+01 -8.027983563572023252e-11
3.250000000000000000e+01 -6.796659101463174144e-11
3.349999999999999289e+01 -4.449496248360929812e-11
3.450000000000000000e+01 1.942266596542011454e-12
3.550000000000000000e+01 4.244412879990464454e-11
3.649999999999999289e+01 1.347644196361500033e-10
3.750000000000000000e+01 1.441940902273244229e-10
3.850000000000000000e+01 2.911666133762430151e-10
3.949999999999999289e+01 1.806706712909907021e-10
4.050000000000000000e+01 9.661377991326708913e-11
4.150000000000000000e+01 5.666731315350604198e-11
4.249999999999999289e+01 3.185383327282686290e-11
4.350000000000000000e+01 2.827567914720127968e-11
4.450000000000000000e+01 3.325034304914372348e-11
4.549999999999999289e+01 4.396336711263732718e-11
4.650000000000000000e+01 5.826633169763268174e-11
4.750000000000000000e+01 6.993536082528244286e-11
4.849999999999999289e+01 8.074916914773953435e-11
4.950000000000000000e+01 8.598721058539615601e-11
