-5.000000000000000000e+01 7.531983087525437881e-01
-4.898989898989898961e+01 8.202199967235476175e-01
-4.797979797979797922e+01 8.703867549875083931e-01
-4.696969696969696884e+01 9.072679133243970462e-01
-4.595959595959595845e+01 9.340247948960622715e-01
-4.494949494949494806e+01 9.532504945380702033e-01
-4.393939393939393767e+01 9.669693527075613471e-01
-4.292929292929292728e+01 9.767103539867559858e-01
-4.191919191919191690e+01 9.836026054724118506e-01
-4.090909090909090651e+01 9.884670908564763270e-01
-3.989898989898989612e+01 9.918943661859356276e-01
-3.888888888888888573e+01 9.943060637174283567e-01
-3.787878787878787534e+01 9.960016420674582260e-01
-3.686868686868686495e+01 9.971930116272280653e-01
-3.585858585858585457e+01 9.980297466729027844e-01
-3.484848484848484418e+01 9.986172332882173874e-01
-3.383838383838383379e+01 9.990296304834270780e-01
-3.282828282828282340e+01 9.993190771919314708e-01
-3.181818181818181657e+01 9.995222081183227081e-01
-3.080808080808080618e+01 9.996647528877449229e-01
-2.979797979797979579e+01 9.997647770887162499e-01
-2.878787878787878540e+01 9.998349618324399168e-01
-2.777777777777777501e+01 9.998842075289308129e-01
-2.676767676767676463e+01 9.999187606290714792e-01
-2.575757575757575779e+01 9.999430043944753654e-01
-2.474747474747474740e+01 9.999600145952327601e-01
-2.373737373737373701e+01 9.999719494452258273e-01
-2.272727272727272663e+01 9.999803232137282061e-01
-2.171717171717171624e+01 9.999861984314623031e-01
-2.070707070707070585e+01 9.999903206077931372e-01
-1.969696969696969546e+01 9.999932128084119132e-01
-1.868686868686868507e+01 9.999952420262230302e-01
-1.767676767676767469e+01 9.999966657611547571e-01
-1.666666666666666430e+01 9.999976646771244759e-01
-1.565656565656565391e+01 9.999983655302854268e-01
-1.464646464646464352e+01 9.999988572566889111e-01
-1.363636363636363313e+01 9.999992022502086630e-01
-1.262626262626262275e+01 9.999994442913427983e-01
-1.161616161616161236e+01 9.999996140944439338e-01
-1.060606060606060197e+01 9.999997332061242306e-01
-9.595959595959591582e+00 9.999998167415004025e-01
-8.585858585858581193e+00 9.999998753008525476e-01
-7.575757575757570805e+00 9.999999163150917747e-01
-6.565656565656560417e+00 9.999999449887260194e-01
-5.555555555555550029e+00 9.999999649603740215e-01
-4.545454545454539641e+00 9.999999787643142346e-01
-3.535353535353529253e+00 9.999999881522095846e-01
-2.525252525252518865e+00 9.999999943153714543e-01
-1.515151515151515582e+00 9.999999980358615925e-01
-5.050505050505051940e-01 9.999999997858040057e-01
5.050505050505051940e-01 9.999999997872170976e-01
1.515151515151515582e+00 9.999999980403116995e-01
2.525252525252525970e+00 9.999999943234143540e-01
3.535353535353536358e+00 9.999999881647709810e-01
4.545454545454546746e+00 9.999999787821552966e-01
5.555555555555557135e+00 9.999999649846081917e-01
6.565656565656567523e+00 9.999999450179892779e-01
7.575757575757577911e+00 9.999999163502421018e-01
8.585858585858588299e+00 9.999998753407922658e-01
9.595959595959598687e+00 9.999998167851295028e-01
1.060606060606060908e+01 9.999997332546547435e-01
1.161616161616161946e+01 9.999996141487045298e-01
1.262626262626262985e+01 9.999994443560437096e-01
1.363636363636364024e+01 9.999992023297717969e-01
1.464646464646465063e+01 9.999988573525179225e-01
1.565656565656566102e+01 9.999983656444436653e-01
1.666666666666667140e+01 9.999976648067592233e-01
1.767676767676768179e+01 9.999966659159601479e-01
1.868686868686869218e+01 9.999952422173812305e-01
1.969696969696970257e+01 9.999932130433452082e-01
2.070707070707071296e+01 9.999903208922649167e-01
2.171717171717172334e+01 9.999861987585326739e-01
2.272727272727273373e+01 9.999803235647958255e-01
2.373737373737374412e+01 9.999719498068837531e-01
2.474747474747475451e+01 9.999600150483665129e-01
2.575757575757576490e+01 9.999430049559484557e-01
2.676767676767677528e+01 9.999187612710459527e-01
2.777777777777778567e+01 9.998842082076283555e-01
2.878787878787879606e+01 9.998349624976584638e-01
2.979797979797980645e+01 9.997647777661415880e-01
3.080808080808081684e+01 9.996647536103139275e-01
3.181818181818182723e+01 9.995222086115077564e-01
3.282828282828283761e+01 9.993190772966707991e-01
3.383838383838384800e+01 9.990296297262788450e-01
3.484848484848485839e+01 9.986172311524935674e-01
3.585858585858586878e+01 9.980297420318191559e-01
3.686868686868687917e+01 9.971930031370304093e-01
3.787878787878788955e+01 9.960016278444253635e-01
3.888888888888889994e+01 9.943060411872468585e-01
3.989898989898991033e+01 9.918943327261383613e-01
4.090909090909092072e+01 9.884670436344881184e-01
4.191919191919193111e+01 9.836025444770684079e-01
4.292929292929294149e+01 9.767102833683758423e-01
4.393939393939395188e+01 9.669692790295314477e-01
4.494949494949496227e+01 9.532504060685647040e-01
4.595959595959597266e+01 9.340246940867770187e-01
4.696969696969696884e+01 9.072677990459714348e-01
4.797979797979797922e+01 8.703866312692943863e-01
4.898989898989898961e+01 8.202198336404552537e-01
5.000000000000000000e+01 7.531981055429038951e-01
