-4.950000000000000000e+01 7.897334909183550966e-01
-4.850000000000000000e+01 8.470669341933815266e-01
-4.750000000000000000e+01 8.897263530073430404e-01
-4.650000000000000000e+01 9.209947340950415118e-01
-4.550000000000000000e+01 9.436621121175071680e-01
-4.450000000000000000e+01 9.599627822617822215e-01
-4.350000000000000000e+01 9.716170475983891830e-01
-4.250000000000000000e+01 9.799145544595411206e-01
-4.150000000000000000e+01 9.858044430745208642e-01
-4.050000000000000000e+01 9.899763367705755046e-01
-3.950000000000000000e+01 9.929268082694080455e-01
-3.850000000000000000e+01 9.950111621493769043e-01
-3.750000000000000000e+01 9.964824880031348808e-01
-3.650000000000000000e+01 9.975204952608782705e-01
-3.550000000000000000e+01 9.982525019359967944e-01
-3.450000000000000000e+01 9.987685641910848400e-01
-3.350000000000000000e+01 9.991323089809885927e-01
-3.250000000000000000e+01 9.993886536860274727e-01
-3.150000000000000000e+01 9.995692891179981387e-01
-3.050000000000000000e+01 9.996965648335698340e-01
-2.950000000000000000e+01 9.997862377975885728e-01
-2.850000000000000000e+01 9.998494146107608227e-01
-2.750000000000000000e+01 9.998939227109538974e-01
-2.650000000000000000e+01 9.999252778840396205e-01
-2.550000000000000000e+01 9.999473666106417635e-01
-2.450000000000000000e+01 9.999629271798512464e-01
-2.350000000000000000e+01 9.999738888089558797e-01
-2.250000000000000000e+01 9.999816106449084252e-01
-2.150000000000000000e+01 9.999870501906295006e-01
-2.050000000000000000e+01 9.999908819838040364e-01
-1.950000000000000000e+01 9.999935812097966448e-01
-1.850000000000000000e+01 9.999954826133704566e-01
-1.750000000000000000e+01 9.999968220038795153e-01
-1.650000000000000000e+01 9.999977654942834304e-01
-1.550000000000000000e+01 9.999984301004962717e-01
-1.450000000000000000e+01 9.999988982530285675e-01
-1.350000000000000000e+01 9.999992280171166037e-01
-1.250000000000000000e+01 9.999994602944369815e-01
-1.150000000000000000e+01 9.999996238944182103e-01
-1.050000000000000000e+01 9.999997391091240972e-01
-9.500000000000000000e+00 9.999998202302029515e-01
-8.500000000000000000e+00 9.999998773198288671e-01
-7.500000000000000000e+00 9.999999174596246876e-01
-6.500000000000000000e+00 9.999999456282210319e-01
-5.500000000000000000e+00 9.999999653198701210e-01
-4.500000000000000000e+00 9.999999789773621472e-01
-3.500000000000000000e+00 9.999999882945933560e-01
-2.500000000000000000e+00 9.999999944276415365e-01
-1.500000000000000000e+00 9.999999981374773084e-01
-5.000000000000000000e-01 9.999999998840652937e-01
5.000000000000000000e-01 9.999999998840652937e-01
1.500000000000000000e+00 9.999999981374773084e-01
2.500000000000000000e+00 9.999999944276415365e-01
3.500000000000000000e+00 9.999999882945933560e-01
4.500000000000000000e+00 9.999999789773621472e-01
5.500000000000000000e+00 9.999999653198701210e-01
6.500000000000000000e+00 9.999999456282210319e-01
7.500000000000000000e+00 9.999999174596246876e-01
8.500000000000000000e+00 9.999998773198288671e-01
9.500000000000000000e+00 9.999998202302029515e-01
1.050000000000000000e+01 9.999997391091240972e-01
1.150000000000000000e+01 9.999996238944182103e-01
1.250000000000000000e+01 9.999994602944369815e-01
1.350000000000000000e+01 9.999992280171166037e-01
1.450000000000000000e+01 9.999988982530285675e-01
1.550000000000000000e+01 9.999984301004962717e-01
1.650000000000000000e+01 9.999977654942834304e-01
1.750000000000000000e+01 9.999968220038795153e-01
1.850000000000000000e+01 9.999954826133704566e-01
1.950000000000000000e+01 9.999935812097966448e-01
2.050000000000000000e+01 9.999908819838040364e-01
2.150000000000000000e+01 9.999870501906295006e-01
2.250000000000000000e+01 9.999816106449084252e-01
2.350000000000000000e+01 9.999738888089558797e-01
2.450000000000000000e+01 9.999629271798512464e-01
2.550000000000000000e+01 9.999473666106417635e-01
2.650000000000000000e+01 9.999252778840396205e-01
2.750000000000000000e+01 9.998939227109538974e-01
2.850000000000000000e+01 9.998494146107608227e-01
2.950000000000000000e+01 9.997862377975885728e-01
3.050000000000000000e+01 9.996965648335698340e-01
3.150000000000000000e+01 9.995692891179981387e-01
3.250000000000000000e+01 9.993886536860274727e-01
3.350000000000000000e+01 9.991323089809885927e-01
3.450000000000000000e+01 9.987685641910848400e-01
3.550000000000000000e+01 9.982525019359967944e-01
3.650000000000000000e+01 9.975204952608782705e-01
3.750000000000000000e+01 9.964824880031348808e-01
3.850000000000000000e+01 9.950111621493769043e-01
3.950000000000000000e+01 9.929268082694080455e-01
4.050000000000000000e+01 9.899763367705755046e-01
4.150000000000000000e+01 9.858044430745208642e-01
4.250000000000000000e+01 9.799145544595411206e-01
4.350000000000000000e+01 9.716170475983891830e-01
4.450000000000000000e+01 9.599627822617822215e-01
4.550000000000000000e+01 9.436621121175071680e-01
4.650000000000000000e+01 9.209947340950415118e-01
4.750000000000000000e+01 8.897263530073430404e-01
4.850000000000000000e+01 8.470669341933815266e-01
4.950000000000000000e+01 7.897334909183550966e-01
