-5.000000000000000000e+01 -6.577935144802719014e-01
-4.898989898989898961e+01 -5.720482121070071813e-01
-4.797979797979797922e+01 -4.923686593826978597e-01
-4.696969696969696884e+01 -4.205531279778980114e-01
-4.595959595959595845e+01 -3.572081781249818455e-01
-4.494949494949494806e+01 -3.021812281776029563e-01
-4.393939393939393767e+01 -2.548926654973024952e-01
-4.292929292929292728e+01 -2.145620759012782930e-01
-4.191919191919191690e+01 -1.803494233644314382e-01
-4.090909090909090651e+01 -1.514358289630776677e-01
-3.989898989898989612e+01 -1.270652050271866007e-01
-3.888888888888888573e+01 -1.065619615751943194e-01
-3.787878787878787534e+01 -8.933492597482173281e-02
-3.686868686868686495e+01 -7.487387769989611863e-02
-3.585858585858585457e+01 -6.274252749149913932e-02
-3.484848484848484418e+01 -5.257015674112145570e-02
-3.383838383838383379e+01 -4.404313131632716510e-02
-3.282828282828282340e+01 -3.689690990132620668e-02
-3.181818181818181657e+01 -3.090882524898801512e-02
-3.080808080808080618e+01 -2.589173292546814720e-02
-2.979797979797979579e+01 -2.168848756251616494e-02
-2.878787878787878540e+01 -1.816725343917822977e-02
-2.777777777777777501e+01 -1.521747463418647757e-02
-2.676767676767676463e+01 -1.274645605734103099e-02
-2.575757575757575779e+01 -1.067651453191471866e-02
-2.474747474747474740e+01 -8.942550570276810648e-03
-2.373737373737373701e+01 -7.490014867461046270e-03
-2.272727272727272663e+01 -6.273211726681383361e-03
-2.171717171717171624e+01 -5.253850644249831447e-03
-2.070707070707070585e+01 -4.399851216008459145e-03
-1.969696969696969546e+01 -3.684336725955730720e-03
-1.868686868686868507e+01 -3.084789282193744608e-03
-1.767676767676767469e+01 -2.582337424388151878e-03
-1.666666666666666430e+01 -2.161166420549802403e-03
-1.565656565656565391e+01 -1.808020120914094302e-03
-1.464646464646464352e+01 -1.511782165625988545e-03
-1.363636363636363313e+01 -1.263130613295310265e-03
-1.262626262626262275e+01 -1.054237641918079208e-03
-1.161616161616161236e+01 -8.785277247786157451e-04
-1.060606060606060197e+01 -7.304708620139915365e-04
-9.595959595959591582e+00 -6.054064466129085043e-04
-8.585858585858581193e+00 -4.993979167661770271e-04
-7.575757575757570805e+00 -4.091085546558608324e-04
-6.565656565656560417e+00 -3.316964650760164659e-04
-5.555555555555550029e+00 -2.647248585489070253e-04
-4.545454545454539641e+00 -2.060858344195101884e-04
-3.535353535353529253e+00 -1.539336891920458858e-04
-2.525252525252518865e+00 -1.066267178684802009e-04
-1.515151515151515582e+00 -6.267596717328258920e-05
-5.050505050505051940e-01 -2.069763402745715525e-05
5.050505050505051940e-01 2.062924714217298690e-05
1.515151515151515582e+00 6.260492512954096613e-05
2.525252525252525970e+00 1.065512608258922328e-04
3.535353535353536358e+00 1.538520650489561610e-04
4.545454545454546746e+00 2.059992451235071354e-04
5.555555555555557135e+00 2.646332978068449519e-04
6.565656565656567523e+00 3.316082304798516215e-04
7.575757575757577911e+00 4.090226262972271754e-04
8.585858585858588299e+00 4.993179347946177880e-04
9.595959595959598687e+00 6.053343765510663848e-04
1.060606060606060908e+01 7.304044217925209767e-04
1.161616161616161946e+01 8.784659595352063222e-04
1.262626262626262985e+01 1.054176267933677183e-03
1.363636363636364024e+01 1.263067622904871876e-03
1.464646464646465063e+01 1.511718776287435378e-03
1.565656565656566102e+01 1.807956980006127350e-03
1.666666666666667140e+01 2.161106436167593240e-03
1.767676767676768179e+01 2.582277476113882270e-03
1.868686868686869218e+01 3.084727313874824784e-03
1.969696969696970257e+01 3.684272960398888609e-03
2.070707070707071296e+01 4.399786561308351510e-03
2.171717171717172334e+01 5.253788391291708791e-03
2.272727272727273373e+01 6.273155764551425519e-03
2.373737373737374412e+01 7.489966583308606957e-03
2.474747474747475451e+01 8.942499900510226737e-03
2.575757575757576490e+01 1.067646194523045287e-02
2.676767676767677528e+01 1.274640569639407320e-02
2.777777777777778567e+01 1.521743003939920666e-02
2.878787878787879606e+01 1.816721682883584710e-02
2.979797979797980645e+01 2.168845633551706731e-02
3.080808080808081684e+01 2.589170502748818631e-02
3.181818181818182723e+01 3.090880930048196806e-02
3.282828282828283761e+01 3.689690706455598518e-02
3.383838383838384800e+01 4.404314849070349591e-02
3.484848484848485839e+01 5.257019731109197069e-02
3.585858585858586878e+01 6.274260131601595847e-02
3.686868686868687917e+01 7.487399077483813947e-02
3.787878787878788955e+01 8.933508454831617929e-02
3.888888888888889994e+01 1.065621717991194761e-01
3.989898989898991033e+01 1.270654662202465590e-01
4.090909090909092072e+01 1.514361371948420298e-01
4.191919191919193111e+01 1.803497560248883691e-01
4.292929292929294149e+01 2.145623973637201531e-01
4.393939393939395188e+01 2.548929450045805400e-01
4.494949494949496227e+01 3.021815072603160068e-01
4.595959595959597266e+01 3.572084417201006890e-01
4.696969696969696884e+01 4.205533745130083934e-01
4.797979797979797922e+01 4.923688780860234204e-01
4.898989898989898961e+01 5.720484459403974986e-01
5.000000000000000000e+01 6.577937471628783062e-01
