0.000000000000000000e+00 -6.552689178327988362e-01 1.455028240370476059e-07 7.553956879160824700e-01
1.000000000000000000e+00 -5.707725796473049895e-01 1.522709388992807064e-07 8.211081916061595543e-01
2.000000000000000000e+00 -4.922163719684355399e-01 1.751356987564116223e-07 8.704728847966490823e-01
3.000000000000000000e+00 -4.213120215795466139e-01 1.935881092711862250e-07 9.069157515847425799e-01
4.000000000000000000e+00 -3.586461559841044866e-01 2.037724141128305055e-07 9.334735854847654446e-01
5.000000000000000000e+00 -3.040836896031829384e-01 2.323330942435062395e-07 9.526453220990807047e-01
6.000000000000000000e+00 -2.570792825076569366e-01 2.721978123389739228e-07 9.663903158172034713e-01
7.000000000000000000e+00 -2.168908173945527929e-01 3.186719341900712901e-07 9.761958683224494226e-01
8.000000000000000000e+00 -1.827138565010754667e-01 3.630599248124762914e-07 9.831661337954907820e-01
9.000000000000000000e+00 -1.537594593093859485e-01 3.975937326868012472e-07 9.881083081690625880e-01
1.000000000000000000e+01 -1.292956499245250246e-01 4.471476917035555904e-07 9.916060885807401748e-01
1.100000000000000000e+01 -1.086654900503447874e-01 5.025023772902260983e-07 9.940783728015945009e-01
1.200000000000000000e+01 -9.129186144175123474e-02 5.534269512466865973e-07 9.958241792777448032e-01
1.300000000000000000e+01 -7.667491335241112538e-02 5.956270389671750377e-07 9.970561456919292409e-01
1.400000000000000000e+01 -6.438572347876052315e-02 6.201098843567413341e-07 9.979250866732091163e-01
1.500000000000000000e+01 -5.405848010760280764e-02 6.557520564199508611e-07 9.985377713076385442e-01
1.600000000000000000e+01 -4.538303527581726005e-02 6.903663509804586376e-07 9.989696592533114927e-01
1.700000000000000000e+01 -3.809707950113505603e-02 7.154298371551818215e-07 9.992740427595286912e-01
1.800000000000000000e+01 -3.197919122635480005e-02 7.402996035951837617e-07 9.994885348656882273e-01
1.900000000000000000e+01 -2.684268033697909464e-02 7.420454107079303677e-07 9.996396703371550618e-01
2.000000000000000000e+01 -2.253052944449387279e-02 7.456013949135744598e-07 9.997461554026575437e-01
2.100000000000000000e+01 -1.891065111433886184e-02 7.492931437826676290e-07 9.998211776482184288e-01
2.200000000000000000e+01 -1.587200117559469173e-02 7.350890364667107041e-07 9.998740318550841666e-01
2.300000000000000000e+01 -1.332143964935464386e-02 7.212805180528671747e-07 9.999112656856848913e-01
2.400000000000000000e+01 -1.118059335714833777e-02 6.956819301276718530e-07 9.999374952124248095e-01
2.500000000000000000e+01 -9.383588309825481241e-03 6.748372036691172152e-07 9.999559731658070882e-01
2.600000000000000000e+01 -7.875283089865908401e-03 6.611708033957176845e-07 9.999689894770824594e-01
2.700000000000000000e+01 -6.609205570579514133e-03 6.424432914272029738e-07 9.999781589621410394e-01
2.800000000000000000e+01 -5.546437368117571563e-03 6.306267601556120515e-07 9.999846183977650904e-01
2.900000000000000000e+01 -4.654275153975867031e-03 5.999941632880961033e-07 9.999891688025580594e-01
3.000000000000000000e+01 -3.905312026979762801e-03 5.743649621236754026e-07 9.999923742397448523e-01
3.100000000000000000e+01 -3.276514158579490587e-03 5.664430817469448753e-07 9.999946322129174003e-01
3.200000000000000000e+01 -2.748437607847548179e-03 5.494325138294519057e-07 9.999962230380741168e-01
3.300000000000000000e+01 -2.304987570007451924e-03 5.524110926000076453e-07 9.999973435124699384e-01
3.400000000000000000e+01 -1.932485514995741860e-03 5.551419254903911292e-07 9.999981327479697812e-01
3.500000000000000000e+01 -1.619405036048383656e-03 5.563296631406118114e-07 9.999986887626501897e-01
3.600000000000000000e+01 -1.356204751540319086e-03 5.823719533365296146e-07 9.999990803537434081e-01
3.700000000000000000e+01 -1.134617082877839014e-03 6.041846795021920506e-07 9.999993563216480474e-01
3.800000000000000000e+01 -9.479069168451923107e-04 6.285820213415524902e-07 9.999995507359400460e-01
3.900000000000000000e+01 -7.904370692383442870e-04 6.439316793138767660e-07 9.999996876043637517e-01
4.000000000000000000e+01 -6.573217045577742007e-04 6.615569661709127282e-07 9.999997839638461450e-01
4.100000000000000000e+01 -5.444983977190340609e-04 7.023556690652314464e-07 9.999998517604898884e-01
4.200000000000000000e+01 -4.483990321237682052e-04 7.323962357000515233e-07 9.999998994688807930e-01
4.300000000000000000e+01 -3.660957373386962139e-04 7.756998852164781665e-07 9.999999329866523512e-01
4.400000000000000000e+01 -2.951107185310300972e-04 8.091706284350892604e-07 9.999999564545034580e-01
4.500000000000000000e+01 -2.331882445158558906e-04 8.237778360098349198e-07 9.999999728112816122e-01
4.600000000000000000e+01 -1.784750968975940216e-04 8.638132041395934975e-07 9.999999840729466571e-01
4.700000000000000000e+01 -1.292164996629949572e-04 8.842970089438374806e-07 9.999999916511571607e-01
4.800000000000000000e+01 -8.390900007189313345e-05 8.918088158259369358e-07 9.999999964792422036e-01
4.900000000000000000e+01 -4.130480516744181691e-05 8.956954509049690138e-07 9.999999991465553517e-01
5.000000000000000000e+01 -1.814276020005836087e-16 8.873412133088572860e-07 9.999999999996063149e-01
5.100000000000000000e+01 4.130480516736257529e-05 8.956954510646084664e-07 9.999999991465553517e-01
5.200000000000000000e+01 8.390900007199479096e-05 8.918088156389720945e-07 9.999999964792422036e-01
5.300000000000000000e+01 1.292164996631203723e-04 8.842970090374665967e-07 9.999999916511571607e-01
5.400000000000000000e+01 1.784750968975223830e-04 8.638132040496103287e-07 9.999999840729466571e-01
5.500000000000000000e+01 2.331882445155382465e-04 8.237778359839523458e-07 9.999999728112816122e-01
5.600000000000000000e+01 2.951107185311195981e-04 8.091706286271648867e-07 9.999999564545035691e-01
5.700000000000000000e+01 3.660957373389272574e-04 7.756998850796771574e-07 9.999999329866524622e-01
5.800000000000000000e+01 4.483990321236541472e-04 7.323962357813017823e-07 9.999998994688807930e-01
5.900000000000000000e+01 5.444983977188364108e-04 7.023556690167664446e-07 9.999998517604897774e-01
6.000000000000000000e+01 6.573217045574334359e-04 6.615569661204666222e-07 9.999997839638461450e-01
6.100000000000000000e+01 7.904370692381957513e-04 6.439316794687149181e-07 9.999996876043636407e-01
6.200000000000000000e+01 9.479069168451608688e-04 6.285820211297378199e-07 9.999995507359400460e-01
6.300000000000000000e+01 1.134617082877567747e-03 6.041846795661127567e-07 9.999993563216479364e-01
6.400000000000000000e+01 1.356204751540007920e-03 5.823719534042817683e-07 9.999990803537434081e-01
6.500000000000000000e+01 1.619405036048437215e-03 5.563296630366456110e-07 9.999986887626501897e-01
6.600000000000000000e+01 1.932485514995914682e-03 5.551419256713946585e-07 9.999981327479696702e-01
6.700000000000000000e+01 2.304987570007553839e-03 5.524110924802155873e-07 9.999973435124700494e-01
6.800000000000000000e+01 2.748437607847328303e-03 5.494325138013917159e-07 9.999962230380742279e-01
6.900000000000000000e+01 3.276514158579249460e-03 5.664430818586479805e-07 9.999946322129172893e-01
7.000000000000000000e+01 3.905312026979848236e-03 5.743649619958353668e-07 9.999923742397449633e-01
7.100000000000000000e+01 4.654275153975981523e-03 5.999941633443458672e-07 9.999891688025580594e-01
7.200000000000000000e+01 5.546437368117869936e-03 6.306267600922739982e-07 9.999846183977650904e-01
7.300000000000000000e+01 6.609205570579923528e-03 6.424432914362395448e-07 9.999781589621411504e-01
7.400000000000000000e+01 7.875283089866338612e-03 6.611708035415790873e-07 9.999689894770824594e-01
7.500000000000000000e+01 9.383588309826357277e-03 6.748372035338395949e-07 9.999559731658071993e-01
7.600000000000000000e+01 1.118059335714881308e-02 6.956819301966856623e-07 9.999374952124248095e-01
7.700000000000000000e+01 1.332143964935485377e-02 7.212805180584424514e-07 9.999112656856848913e-01
7.800000000000000000e+01 1.587200117559487214e-02 7.350890363618841300e-07 9.998740318550840556e-01
7.900000000000000000e+01 1.891065111433925042e-02 7.492931439319833381e-07 9.998211776482184288e-01
8.000000000000000000e+01 2.253052944449438627e-02 7.456013947949513071e-07 9.997461554026575437e-01
8.100000000000000000e+01 2.684268033697968792e-02 7.420454106482876016e-07 9.996396703371550618e-01
8.200000000000000000e+01 3.197919122635541067e-02 7.402996037405345096e-07 9.994885348656882273e-01
8.300000000000000000e+01 3.809707950113644381e-02 7.154298371107215915e-07 9.992740427595286912e-01
8.400000000000000000e+01 4.538303527581868252e-02 6.903663510426179387e-07 9.989696592533113817e-01
8.500000000000000000e+01 5.405848010760367500e-02 6.557520563888099066e-07 9.985377713076384332e-01
8.600000000000000000e+01 6.438572347876092561e-02 6.201098842911500673e-07 9.979250866732091163e-01
8.700000000000000000e+01 7.667491335241129191e-02 5.956270390502869693e-07 9.970561456919292409e-01
8.800000000000000000e+01 9.129186144175212292e-02 5.534269511643715120e-07 9.958241792777445811e-01
8.900000000000000000e+01 1.086654900503460641e-01 5.025023773348634641e-07 9.940783728015942788e-01
9.000000000000000000e+01 1.292956499245256352e-01 4.471476917074525242e-07 9.916060885807400638e-01
9.100000000000000000e+01 1.537594593093874196e-01 3.975937325882195293e-07 9.881083081690623660e-01
9.200000000000000000e+01 1.827138565010767157e-01 3.630599250026810338e-07 9.831661337954904489e-01
9.300000000000000000e+01 2.168908173945547080e-01 3.186719341554437892e-07 9.761958683224489786e-01
9.400000000000000000e+01 2.570792825076580468e-01 2.721978122594376879e-07 9.663903158172030272e-01
9.500000000000000000e+01 3.040836896031828829e-01 2.323330943368695991e-07 9.526453220990807047e-01
9.600000000000000000e+01 3.586461559841049862e-01 2.037724139803886721e-07 9.334735854847653336e-01
9.700000000000000000e+01 4.213120215795474466e-01 1.935881093055767685e-07 9.069157515847419138e-01
9.800000000000000000e+01 4.922163719684368166e-01 1.751356988134511122e-07 8.704728847966483052e-01
9.900000000000000000e+01 5.707725796473065438e-01 1.522709388405556475e-07 8.211081916061584440e-01
1.000000000000000000e+02 6.552689178327995023e-01 1.455028241183406666e-07 7.553956879160820259e-01
