0.000000000000000000e+00 -9.661705696667167720e-01
9.080808080808081550e-01 -9.613691478667867329e-01
1.816161616161616310e+00 -9.549101307849270359e-01
2.724242424242424576e+00 -9.346075691022759369e-01
3.632323232323232620e+00 -8.984761885566886486e-01
4.540404040404040664e+00 -8.530213753404005672e-01
5.448484848484849152e+00 -7.934267082380732639e-01
6.356565656565656752e+00 -7.335383393082637316e-01
7.264646464646465240e+00 -6.703685287778519131e-01
8.172727272727273728e+00 -5.958133202915033566e-01
9.080808080808081328e+00 -5.189208695250026038e-01
9.988888888888888928e+00 -4.388168676965245041e-01
1.089696969696969830e+01 -3.617365299746075902e-01
1.180505050505050590e+01 -2.816473878385882257e-01
1.271313131313131350e+01 -2.019851084229273841e-01
1.362121212121212288e+01 -1.238958714125984878e-01
1.452929292929293048e+01 -4.662577790380494774e-02
1.543737373737373808e+01 2.742899734936751419e-02
1.634545454545454746e+01 9.721263093317678017e-02
1.725353535353535506e+01 1.671553550125232657e-01
1.816161616161616266e+01 2.366195205217364317e-01
1.906969696969697026e+01 2.966362949845778307e-01
1.997777777777777786e+01 3.539187039784446598e-01
2.088585858585858901e+01 4.093074753660725928e-01
2.179393939393939661e+01 4.589385279498872094e-01
2.270202020202020421e+01 5.051566417545088061e-01
2.361010101010101181e+01 5.514344784494119578e-01
2.451818181818181941e+01 5.945054557109881177e-01
2.542626262626262701e+01 6.284313400855053855e-01
2.633434343434343816e+01 6.644322360167191910e-01
2.724242424242424576e+01 7.001573091638351176e-01
2.815050505050505336e+01 7.290618522373002452e-01
2.905858585858586096e+01 7.579663953107654839e-01
2.996666666666666856e+01 7.848966303753959206e-01
3.087474747474747616e+01 8.070734918229035548e-01
3.178282828282828376e+01 8.292345009088225583e-01
3.269090909090909491e+01 8.491447948289296832e-01
3.359898989898989896e+01 8.662054138238024503e-01
3.450707070707071011e+01 8.832400302859124697e-01
3.541515151515152127e+01 8.978241812124414523e-01
3.632323232323232531e+01 9.105347909907002268e-01
3.723131313131313647e+01 9.226388199760099385e-01
3.813939393939394051e+01 9.343295940409783729e-01
3.904747474747475167e+01 9.441722381861356039e-01
3.995555555555555571e+01 9.525657817897895674e-01
4.086363636363636687e+01 9.608164000064649546e-01
4.177171717171717802e+01 9.670997272541911327e-01
4.267979797979798207e+01 9.729766611155636902e-01
4.358787878787879322e+01 9.788237292929796718e-01
4.449595959595959727e+01 9.833686025663881392e-01
4.540404040404040842e+01 9.866766180381343343e-01
4.631212121212121247e+01 9.899901609204131425e-01
4.722020202020202362e+01 9.933037038026920618e-01
4.812828282828283477e+01 9.954062599640582931e-01
4.903636363636363882e+01 9.967976671901894736e-01
4.994444444444444997e+01 9.981890744163205431e-01
5.085252525252525402e+01 9.995031511722086703e-01
5.176060606060606517e+01 9.995470626013474025e-01
5.266868686868687632e+01 9.991126032210386754e-01
5.357676767676768037e+01 9.986781438407302813e-01
5.448484848484849152e+01 9.982436844604216652e-01
5.539292929292929557e+01 9.975321984564426980e-01
5.630101010101010672e+01 9.963381051870019434e-01
5.720909090909091077e+01 9.943027652033336050e-01
5.811717171717172192e+01 9.919769263091875455e-01
5.902525252525253308e+01 9.896510874150414860e-01
5.993333333333333712e+01 9.873252485208956486e-01
6.084141414141414828e+01 9.847804606177874565e-01
6.174949494949495232e+01 9.812937187423580454e-01
6.265757575757576348e+01 9.775291767110025898e-01
6.356565656565656752e+01 9.737646346796471342e-01
6.447373737373737868e+01 9.699514354315506015e-01
6.538181818181818983e+01 9.649768172038080127e-01
6.628989898989900098e+01 9.596620416638667050e-01
6.719797979797979792e+01 9.543472661239255084e-01
6.810606060606060908e+01 9.490108156367140779e-01
6.901414141414142023e+01 9.427477400990929013e-01
6.992222222222223138e+01 9.352797304108996235e-01
7.083030303030304253e+01 9.277790419743432437e-01
7.173838383838383947e+01 9.202783535377871971e-01
7.264646464646465063e+01 9.122216577325308329e-01
7.355454545454546178e+01 9.026858235041066436e-01
7.446262626262627293e+01 8.923281358266068608e-01
7.537070707070706987e+01 8.819704481491070780e-01
7.627878787878788103e+01 8.694282625913842821e-01
7.718686868686869218e+01 8.560456488320581370e-01
7.809494949494950333e+01 8.417039026431818449e-01
7.900303030303031449e+01 8.254952638702671708e-01
7.991111111111111143e+01 8.083520141914907198e-01
8.081919191919192258e+01 7.900505787559921611e-01
8.172727272727273373e+01 7.677184095900975169e-01
8.263535353535354488e+01 7.436810023925926050e-01
8.354343434343435604e+01 7.196435951950876930e-01
8.445151515151515298e+01 6.912722780199545003e-01
8.535959595959596413e+01 6.577072997221711237e-01
8.626767676767677528e+01 6.229654809075559907e-01
8.717575757575758644e+01 5.846913147989905024e-01
8.808383838383839759e+01 5.411196285047130683e-01
8.899191919191919453e+01 4.862759897393733599e-01
8.990000000000000568e+01 4.315255862046499802e-01
