0.000000000000000000e+00 1.364443000313610155e-02
9.080808080808081550e-01 -3.654272511416133129e-02
1.816161616161616310e+00 -9.362130148229882987e-02
2.724242424242424576e+00 -1.307806838290866414e-01
3.632323232323232620e+00 -1.698517514584026444e-01
4.540404040404040664e+00 -2.147120265731639610e-01
5.448484848484849152e+00 -2.512647667900057558e-01
6.356565656565656752e+00 -2.885291548685900986e-01
7.264646464646465240e+00 -3.303888750284970088e-01
8.172727272727273728e+00 -3.541560000592051116e-01
9.080808080808081328e+00 -3.806694139544060107e-01
9.988888888888888928e+00 -4.013032461140672025e-01
1.089696969696969830e+01 -4.193147498018585106e-01
1.180505050505050590e+01 -4.408897937930711386e-01
1.271313131313131350e+01 -4.575798354549308611e-01
1.362121212121212288e+01 -4.648567820688609409e-01
1.452929292929293048e+01 -4.707742897192702669e-01
1.543737373737373808e+01 -4.752761358172438722e-01
1.634545454545454746e+01 -4.777014163813768644e-01
1.725353535353535506e+01 -4.753879295417896556e-01
1.816161616161616266e+01 -4.730629260711778361e-01
1.906969696969697026e+01 -4.703699024408108387e-01
1.997777777777777786e+01 -4.646901284489790562e-01
2.088585858585858901e+01 -4.566057266751136212e-01
2.179393939393939661e+01 -4.473732272510138053e-01
2.270202020202020421e+01 -4.377436651495849596e-01
2.361010101010101181e+01 -4.280039999898392344e-01
2.451818181818181941e+01 -4.174665102350643142e-01
2.542626262626262701e+01 -4.011048946659251380e-01
2.633434343434343816e+01 -3.873832734149145196e-01
2.724242424242424576e+01 -3.737638838778795103e-01
2.815050505050505336e+01 -3.626724743332652157e-01
2.905858585858586096e+01 -3.515810647886508655e-01
2.996666666666666856e+01 -3.337442449389449450e-01
3.087474747474747616e+01 -3.193553717542494397e-01
3.178282828282828376e+01 -3.049818672517630169e-01
3.269090909090909491e+01 -2.892512710478561955e-01
3.359898989898989896e+01 -2.758447806353133136e-01
3.450707070707071011e+01 -2.624045098567352463e-01
3.541515151515152127e+01 -2.436730402097851134e-01
3.632323232323232531e+01 -2.294313619726586206e-01
3.723131313131313647e+01 -2.166610401159961286e-01
3.813939393939394051e+01 -2.019352425563193942e-01
3.904747474747475167e+01 -1.860135321398747044e-01
3.995555555555555571e+01 -1.733840690734455015e-01
4.086363636363636687e+01 -1.589637848417632116e-01
4.177171717171717802e+01 -1.445608103072991424e-01
4.267979797979798207e+01 -1.316725929113674864e-01
4.358787878787879322e+01 -1.186177203045605116e-01
4.449595959595959727e+01 -1.029743634939557506e-01
4.540404040404040842e+01 -9.025043646102337558e-02
4.631212121212121247e+01 -7.760277322174505277e-02
4.722020202020202362e+01 -6.495510998246661893e-02
4.812828282828283477e+01 -5.290731312823372667e-02
4.903636363636363882e+01 -4.154877438785179594e-02
4.994444444444444997e+01 -3.019023564746977500e-02
5.085252525252525402e+01 -1.542089088726619067e-02
5.176060606060606517e+01 -2.495546951140827953e-03
5.266868686868687632e+01 7.974891220452542950e-03
5.357676767676768037e+01 1.844532939204582972e-02
5.448484848484849152e+01 2.891576756363918935e-02
5.539292929292929557e+01 4.060937228743171507e-02
5.630101010101010672e+01 5.263186261875471561e-02
5.720909090909091077e+01 6.463170204489206150e-02
5.811717171717172192e+01 7.453929048819465941e-02
5.902525252525253308e+01 8.444687893149725733e-02
5.993333333333333712e+01 9.435446737479978585e-02
6.084141414141414828e+01 1.059854693889335092e-01
6.174949494949495232e+01 1.180643565773519532e-01
6.265757575757576348e+01 1.277923171020968751e-01
6.356565656565656752e+01 1.375202776268416860e-01
6.447373737373737868e+01 1.474485449079452337e-01
6.538181818181818983e+01 1.582680466470005598e-01
6.628989898989900098e+01 1.673659361063452311e-01
6.719797979797979792e+01 1.764638255656897359e-01
6.810606060606060908e+01 1.862188796369295685e-01
6.901414141414142023e+01 1.984232172861714050e-01
6.992222222222223138e+01 2.088286831372528907e-01
7.083030303030304253e+01 2.178715655874489676e-01
7.173838383838383947e+01 2.269144480376448780e-01
7.264646464646465063e+01 2.372823274464122834e-01
7.355454545454546178e+01 2.483248598482703517e-01
7.446262626262627293e+01 2.577641930258906533e-01
7.537070707070706987e+01 2.672035262035108438e-01
7.627878787878788103e+01 2.778633781445392081e-01
7.718686868686869218e+01 2.873787337157074351e-01
7.809494949494950333e+01 2.982191671611698625e-01
7.900303030303031449e+01 3.088956485039690003e-01
7.991111111111111143e+01 3.169965811574756431e-01
8.081919191919192258e+01 3.264119081365141062e-01
8.172727272727273373e+01 3.374860611391370391e-01
8.263535353535354488e+01 3.454827288164656895e-01
8.354343434343435604e+01 3.534793964937942845e-01
8.445151515151515298e+01 3.655993554898433473e-01
8.535959595959596413e+01 3.736511886426246432e-01
8.626767676767677528e+01 3.804574473204315188e-01
8.717575757575758644e+01 3.890587252131835205e-01
8.808383838383839759e+01 3.981578682320951468e-01
8.899191919191919453e+01 4.012158612310426364e-01
8.990000000000000568e+01 4.043100018387044137e-01
