0.000000000000000000e+00 4.407926498118600565e-03
9.241414141414140415e-01 3.310134235347237091e-03
1.848282828282828083e+00 5.606617332293496042e-03
2.772424242424242014e+00 8.754466828263371761e-03
3.696565656565656166e+00 1.227120717347630549e-02
4.620707070707069875e+00 1.197883377368449964e-02
5.544848484848484027e+00 1.669195812566479781e-02
6.468989898989898180e+00 1.863008409345152244e-02
7.393131313131312332e+00 1.633898186417856099e-02
8.317272727272726485e+00 1.903599260732875484e-02
9.241414141414139749e+00 1.932401707734601737e-02
1.016555555555555479e+01 2.112243343900376685e-02
1.108969696969696805e+01 2.270615426858595826e-02
1.201383838383838309e+01 2.317258584292301860e-02
1.293797979797979636e+01 2.451578626222775462e-02
1.386212121212121140e+01 2.595109735259847755e-02
1.478626262626262466e+01 2.553777527658768198e-02
1.571040404040403793e+01 2.654148979643314310e-02
1.663454545454545297e+01 2.652500987833043139e-02
1.755868686868686623e+01 2.531512094946900340e-02
1.848282828282827950e+01 2.525100354468428829e-02
1.940696969696969632e+01 2.600754696281344994e-02
2.033111111111110958e+01 2.631282643355086284e-02
2.125525252525252284e+01 2.512288655059451148e-02
2.217939393939393611e+01 2.398661730782509702e-02
2.310353535353534937e+01 2.284052985910096575e-02
2.402767676767676619e+01 2.309551479425648104e-02
2.495181818181817945e+01 2.347799431107936569e-02
2.587595959595959272e+01 2.157855700735903520e-02
2.680010101010100598e+01 1.970443966539579123e-02
2.772424242424242280e+01 2.120482491346168188e-02
2.864838383838383606e+01 2.029866119431202043e-02
2.957252525252524933e+01 1.806887788721814325e-02
3.049666666666666259e+01 1.895950776726924858e-02
3.142080808080807586e+01 1.726131077208749656e-02
3.234494949494948912e+01 1.554172017696865693e-02
3.326909090909090594e+01 1.650333531767220543e-02
3.419323232323232276e+01 1.508526524184582857e-02
3.511737373737373247e+01 1.400454958680244846e-02
3.604151515151514928e+01 1.386024295547589810e-02
3.696565656565655900e+01 1.283748786860485977e-02
3.788979797979797581e+01 1.180120447847407203e-02
3.881393939393939263e+01 1.049981989884482894e-02
3.973808080808080234e+01 1.054153906160693044e-02
4.066222222222221916e+01 8.909965346905178787e-03
4.158636363636362887e+01 8.288275244713573520e-03
4.251050505050504569e+01 7.660291450150591777e-03
4.343464646464646250e+01 7.100917144235127307e-03
4.435878787878787222e+01 5.581824571510613994e-03
4.528292929292928903e+01 5.445207661689968094e-03
4.620707070707069875e+01 5.067012501549769676e-03
4.713121212121211556e+01 3.941387216165523170e-03
4.805535353535353238e+01 3.040758188433948742e-03
4.897949494949494209e+01 2.581053847166402387e-03
4.990363636363635891e+01 1.215133439013701012e-03
5.082777777777777573e+01 5.894900252828161194e-04
5.175191919191918544e+01 2.312245172565654140e-06
5.267606060606060225e+01 -3.606158962219519057e-05
5.360020202020201197e+01 -1.528748656206093282e-03
5.452434343434342878e+01 -1.713473009834217287e-03
5.544848484848484560e+01 -2.265570012892810254e-03
5.637262626262625531e+01 -3.778641464865960947e-03
5.729676767676767213e+01 -3.578763599635666204e-03
5.822090909090908184e+01 -4.753034074146163766e-03
5.914505050505049866e+01 -4.635443198430567492e-03
6.006919191919191547e+01 -6.166736934623941527e-03
6.099333333333332519e+01 -6.314542578442754878e-03
6.191747474747474200e+01 -6.679247696845904032e-03
6.284161616161615171e+01 -7.736008288623031671e-03
6.376575757575756853e+01 -7.804428583290314893e-03
6.468989898989897824e+01 -8.809026397826807270e-03
6.561404040404039506e+01 -8.939902935644917017e-03
6.653818181818181188e+01 -1.003197340233687694e-02
6.746232323232322869e+01 -1.066979483315006090e-02
6.838646464646464551e+01 -1.032383389567036354e-02
6.931060606060604812e+01 -1.129225453078439891e-02
7.023474747474746493e+01 -1.200248929528065917e-02
7.115888888888888175e+01 -1.256731288902993536e-02
7.208303030303029857e+01 -1.276731462554848290e-02
7.300717171717171539e+01 -1.389243086904915804e-02
7.393131313131311799e+01 -1.366140185900019399e-02
7.485545454545453481e+01 -1.430273322304510472e-02
7.577959595959595163e+01 -1.491275588469643566e-02
7.670373737373736844e+01 -1.549350629935156154e-02
7.762787878787878526e+01 -1.600090268512149166e-02
7.855202020202018787e+01 -1.634465286156908115e-02
7.947616161616160468e+01 -1.696132258509244414e-02
8.040030303030302150e+01 -1.713961818588960809e-02
8.132444444444443832e+01 -1.767630858782914469e-02
8.224858585858585514e+01 -1.807048137155298564e-02
8.317272727272725774e+01 -1.836268961083153961e-02
8.409686868686867456e+01 -1.859768820374316581e-02
8.502101010101009138e+01 -1.933735561526647023e-02
8.594515151515150819e+01 -1.944461273993989756e-02
8.686929292929292501e+01 -1.938334025570967109e-02
8.779343434343432762e+01 -1.991101505085297527e-02
8.871757575757574443e+01 -2.009591592945200386e-02
8.964171717171716125e+01 -2.024324599794828303e-02
9.056585858585857807e+01 -2.028872888816904418e-02
9.148999999999999488e+01 -2.045194364385345687e-02
