0.000000000000000000e+00 7.168017706660548272e-05
9.241414141414140415e-01 1.053176969923313583e-01
1.848282828282828083e+00 2.069671998689445458e-01
2.772424242424242014e+00 3.065887408621921217e-01
3.696565656565656166e+00 4.011951426328139725e-01
4.620707070707069875e+00 4.922661208790007903e-01
5.544848484848484027e+00 5.788562916216890564e-01
6.468989898989898180e+00 6.534232541083675461e-01
7.393131313131312332e+00 7.253256300809691748e-01
8.317272727272726485e+00 7.872479160929548581e-01
9.241414141414139749e+00 8.385627030784847946e-01
1.016555555555555479e+01 8.869679570891619846e-01
1.108969696969696805e+01 9.234067659164466590e-01
1.201383838383838309e+01 9.547621730061649492e-01
1.293797979797979636e+01 9.735074103819759683e-01
1.386212121212121140e+01 9.867116758326520687e-01
1.478626262626262466e+01 9.947133518191340062e-01
1.571040404040403793e+01 9.965405069613553213e-01
1.663454545454545297e+01 9.932834140272468471e-01
1.755868686868686623e+01 9.837628607483376308e-01
1.848282828282827950e+01 9.717549476018664256e-01
1.940696969696969632e+01 9.523472674757896828e-01
2.033111111111110958e+01 9.328180784113312418e-01
2.125525252525252284e+01 9.093161789116639415e-01
2.217939393939393611e+01 8.835589847046800838e-01
2.310353535353534937e+01 8.560902298701080770e-01
2.402767676767676619e+01 8.283632047455945502e-01
2.495181818181817945e+01 7.970430722946310054e-01
2.587595959595959272e+01 7.661124114856057155e-01
2.680010101010100598e+01 7.353260147023452653e-01
2.772424242424242280e+01 7.034101169556438160e-01
2.864838383838383606e+01 6.717271035932121936e-01
2.957252525252524933e+01 6.404919441376982769e-01
3.049666666666666259e+01 6.087680470304598357e-01
3.142080808080807586e+01 5.777730566141694446e-01
3.234494949494948912e+01 5.466646042604196287e-01
3.326909090909090594e+01 5.157520369871336774e-01
3.419323232323232276e+01 4.853681412707543386e-01
3.511737373737373247e+01 4.550693201353843698e-01
3.604151515151514928e+01 4.259014218254076889e-01
3.696565656565655900e+01 3.967135446266535914e-01
3.788979797979797581e+01 3.684399728961151865e-01
3.881393939393939263e+01 3.407876265223810930e-01
3.973808080808080234e+01 3.135134117069175996e-01
4.066222222222221916e+01 2.869673354937406495e-01
4.158636363636362887e+01 2.609428557413588368e-01
4.251050505050504569e+01 2.356120261436442931e-01
4.343464646464646250e+01 2.103647434450763853e-01
4.435878787878787222e+01 1.864194912163463502e-01
4.528292929292928903e+01 1.625679973838577985e-01
4.620707070707069875e+01 1.397256951539001535e-01
4.713121212121211556e+01 1.171227220707215799e-01
4.805535353535353238e+01 9.513860635797818932e-02
4.897949494949494209e+01 7.313555130789048397e-02
4.990363636363635891e+01 5.195813286282510018e-02
5.082777777777777573e+01 3.119721667872960014e-02
5.175191919191918544e+01 1.090783530518792122e-02
5.267606060606060225e+01 -9.124475086954828701e-03
5.360020202020201197e+01 -2.861796156423613430e-02
5.452434343434342878e+01 -4.796782301293078810e-02
5.544848484848484560e+01 -6.710111201698640282e-02
5.637262626262625531e+01 -8.583437351836338547e-02
5.729676767676767213e+01 -1.043303279543594808e-01
5.822090909090908184e+01 -1.227013773435867428e-01
5.914505050505049866e+01 -1.409192866144695633e-01
6.006919191919191547e+01 -1.589645547256815783e-01
6.099333333333332519e+01 -1.770251511323205906e-01
6.191747474747474200e+01 -1.948434397757937420e-01
6.284161616161615171e+01 -2.126715016815262926e-01
6.376575757575756853e+01 -2.305757035185402315e-01
6.468989898989897824e+01 -2.485606770163849566e-01
6.561404040404039506e+01 -2.665078487720252687e-01
6.653818181818181188e+01 -2.845029263189879920e-01
6.746232323232322869e+01 -3.026341608858642562e-01
6.838646464646464551e+01 -3.214538312490040073e-01
6.931060606060604812e+01 -3.401328252059103718e-01
7.023474747474746493e+01 -3.591752880710784579e-01
7.115888888888888175e+01 -3.786401583071766219e-01
7.208303030303029857e+01 -3.981523422242415622e-01
7.300717171717171539e+01 -4.184981002181640264e-01
7.393131313131311799e+01 -4.392790789378369642e-01
7.485545454545453481e+01 -4.604556690200228841e-01
7.577959595959595163e+01 -4.823201433986339381e-01
7.670373737373736844e+01 -5.054520417501626728e-01
7.762787878787878526e+01 -5.283234179024483002e-01
7.855202020202018787e+01 -5.523763279859537079e-01
7.947616161616160468e+01 -5.780603466284522929e-01
8.040030303030302150e+01 -6.037710467787710256e-01
8.132444444444443832e+01 -6.295730129419613297e-01
8.224858585858585514e+01 -6.579923676540224697e-01
8.317272727272725774e+01 -6.866911782250022522e-01
8.409686868686867456e+01 -7.154344748808194598e-01
8.502101010101009138e+01 -7.462741718019891835e-01
8.594515151515150819e+01 -7.764723519558276443e-01
8.686929292929292501e+01 -8.082524533368363739e-01
8.779343434343432762e+01 -8.398046334904389898e-01
8.871757575757574443e+01 -8.705828328723861365e-01
8.964171717171716125e+01 -9.013467244420304558e-01
9.056585858585857807e+01 -9.291354981851100980e-01
9.148999999999999488e+01 -9.564115117225783225e-01
