0.000000000000000000e+00 -9.694562520317748788e-01
9.080808080808081550e-01 -9.758278971437348570e-01
1.816161616161616310e+00 -9.638630233603089348e-01
2.724242424242424576e+00 -9.254941226303534663e-01
3.632323232323232620e+00 -8.843692358446864077e-01
4.540404040404040664e+00 -8.432443490590192381e-01
5.448484848484849152e+00 -7.979308142585799235e-01
6.356565656565656752e+00 -7.326018439003521010e-01
7.264646464646465240e+00 -6.639786694261144984e-01
8.172727272727273728e+00 -5.953554949518770067e-01
9.080808080808081328e+00 -5.267323204776397372e-01
9.988888888888888928e+00 -4.527430370780068936e-01
1.089696969696969830e+01 -3.709003444393708659e-01
1.180505050505050590e+01 -2.890576518007350049e-01
1.271313131313131350e+01 -2.072149591620991438e-01
1.362121212121212288e+01 -1.333749211127816803e-01
1.452929292929293048e+01 -5.574130139155961811e-02
1.543737373737373808e+01 2.368334850510990866e-02
1.634545454545454746e+01 8.888447220628670209e-02
1.725353535353535506e+01 1.534293526149664300e-01
1.816161616161616266e+01 2.226125414912085154e-01
1.906969696969697026e+01 2.814668871846318643e-01
1.997777777777777786e+01 3.379764790589752099e-01
2.088585858585858901e+01 3.950818858162581382e-01
2.179393939393939661e+01 4.476847029708705406e-01
2.270202020202020421e+01 4.942765389169203050e-01
2.361010101010101181e+01 5.405098544789651571e-01
2.451818181818181941e+01 5.813236989706390689e-01
2.542626262626262701e+01 6.211247455056632116e-01
2.633434343434343816e+01 6.593828645776353969e-01
2.724242424242424576e+01 6.896922323689140821e-01
2.815050505050505336e+01 7.200016001601926563e-01
2.905858585858586096e+01 7.505455606286137726e-01
2.996666666666666856e+01 7.749226522372549830e-01
3.087474747474747616e+01 7.994186224123301931e-01
3.178282828282828376e+01 8.239145925874055143e-01
3.269090909090909491e+01 8.436235619878118541e-01
3.359898989898989896e+01 8.616704229126258552e-01
3.450707070707071011e+01 8.792723199519928423e-01
3.541515151515152127e+01 8.942087909865430451e-01
3.632323232323232531e+01 9.078370225634418977e-01
3.723131313131313647e+01 9.214576776321132812e-01
3.813939393939394051e+01 9.321363872146243290e-01
3.904747474747475167e+01 9.422946914298669929e-01
3.995555555555555571e+01 9.524529956451094348e-01
4.086363636363636687e+01 9.600055529524376130e-01
4.177171717171717802e+01 9.671930708495648510e-01
4.267979797979798207e+01 9.743125277836399700e-01
4.358787878787879322e+01 9.790594737467364084e-01
4.449595959595959727e+01 9.838480192412111247e-01
4.540404040404040842e+01 9.883098493102838722e-01
4.631212121212121247e+01 9.911087143079332362e-01
4.722020202020202362e+01 9.939081286017013017e-01
4.812828282828283477e+01 9.965607009154066054e-01
4.903636363636363882e+01 9.976849283858107986e-01
4.994444444444444997e+01 9.988210242488946289e-01
5.085252525252525402e+01 9.997722830157385054e-01
5.176060606060606517e+01 9.995574597907064263e-01
5.266868686868687632e+01 9.993411136842105247e-01
5.357676767676768037e+01 9.988877571630284669e-01
5.448484848484849152e+01 9.975213852873857645e-01
5.539292929292929557e+01 9.961535951059812266e-01
5.630101010101010672e+01 9.944927730205479488e-01
5.720909090909091077e+01 9.920929349198061020e-01
5.811717171717172192e+01 9.896884975885685831e-01
5.902525252525253308e+01 9.869664076800999108e-01
5.993333333333333712e+01 9.836686486828557507e-01
6.084141414141414828e+01 9.803708896856112576e-01
6.174949494949495232e+01 9.765684956341020850e-01
6.265757575757576348e+01 9.720362955607999567e-01
6.356565656565656752e+01 9.675040954874978283e-01
6.447373737373737868e+01 9.624857065063514572e-01
6.538181818181818983e+01 9.568476102523022497e-01
6.628989898989900098e+01 9.511971193904271704e-01
6.719797979797979792e+01 9.448246706811125328e-01
6.810606060606060908e+01 9.374817029510960076e-01
6.901414141414142023e+01 9.300858640362192897e-01
6.992222222222223138e+01 9.222356861279179530e-01
7.083030303030304253e+01 9.131340439748416582e-01
7.173838383838383947e+01 9.039539337971409516e-01
7.264646464646465063e+01 8.942936228058108172e-01
7.355454545454546178e+01 8.824499129058109848e-01
7.446262626262627293e+01 8.706062030058111523e-01
7.537070707070706987e+01 8.585974635143340805e-01
7.627878787878788103e+01 8.426529802396999225e-01
7.718686868686869218e+01 8.266432548592281826e-01
7.809494949494950333e+01 8.106335294787566648e-01
7.900303030303031449e+01 7.901452771788314289e-01
7.991111111111111143e+01 7.686773620781370830e-01
8.081919191919192258e+01 7.471792978015706632e-01
8.172727272727273373e+01 7.205133424593606062e-01
8.263535353535354488e+01 6.909203406273063397e-01
8.354343434343435604e+01 6.609644288830538450e-01
8.445151515151515298e+01 6.265183866690945402e-01
8.535959595959596413e+01 5.857811225136871913e-01
8.626767676767677528e+01 5.450438583582798424e-01
8.717575757575758644e+01 5.011551427969199723e-01
8.808383838383839759e+01 4.442311888660285812e-01
8.899191919191919453e+01 3.873072349351380228e-01
8.990000000000000568e+01 3.303832810042466872e-01
