0.000000000000000000e+00 -1.574104920096449506e-02
9.080808080808081550e-01 8.255724111163495471e-02
1.816161616161616310e+00 1.811795855180099724e-01
2.724242424242424576e+00 2.763125694788328701e-01
3.632323232323232620e+00 3.556551026921461744e-01
4.540404040404040664e+00 4.289427854866519341e-01
5.448484848484849152e+00 5.041299633144084025e-01
6.356565656565656752e+00 5.811472698384642088e-01
7.264646464646465240e+00 6.509893011211462799e-01
8.172727272727273728e+00 7.029385128557676943e-01
9.080808080808081328e+00 7.495861097330104306e-01
9.988888888888888928e+00 7.880972882087752263e-01
1.089696969696969830e+01 8.185049982842882432e-01
1.180505050505050590e+01 8.442150909560244276e-01
1.271313131313131350e+01 8.586466283795229915e-01
1.362121212121212288e+01 8.637430016994547266e-01
1.452929292929293048e+01 8.680126092010613803e-01
1.543737373737373808e+01 8.686484250370929416e-01
1.634545454545454746e+01 8.615922421533337427e-01
1.725353535353535506e+01 8.522862555616055324e-01
1.816161616161616266e+01 8.427055822817741682e-01
1.906969696969697026e+01 8.257907430596294063e-01
1.997777777777777786e+01 8.034572300964564207e-01
2.088585858585858901e+01 7.804125564397065284e-01
2.179393939393939661e+01 7.583198596255031898e-01
2.270202020202020421e+01 7.340641399618652585e-01
2.361010101010101181e+01 7.096937165873662412e-01
2.451818181818181941e+01 6.851934666923200634e-01
2.542626262626262701e+01 6.575603575134533196e-01
2.633434343434343816e+01 6.274131681154420104e-01
2.724242424242424576e+01 5.973980860610900168e-01
2.815050505050505336e+01 5.706497468660171046e-01
2.905858585858586096e+01 5.439014076709441925e-01
2.996666666666666856e+01 5.171046476562516370e-01
3.087474747474747616e+01 4.911852388326367613e-01
3.178282828282828376e+01 4.652691394221036836e-01
3.269090909090909491e+01 4.392795877812255556e-01
3.359898989898989896e+01 4.106549730440927082e-01
3.450707070707071011e+01 3.820886464899148072e-01
3.541515151515152127e+01 3.602921011429902065e-01
3.632323232323232531e+01 3.369241450542974636e-01
3.723131313131313647e+01 3.130555495797774368e-01
3.813939393939394051e+01 2.902848573941281818e-01
3.904747474747475167e+01 2.684338762860704053e-01
3.995555555555555571e+01 2.458114067865326269e-01
4.086363636363636687e+01 2.244760819142719854e-01
4.177171717171717802e+01 2.047103885923579059e-01
4.267979797979798207e+01 1.845253104813739387e-01
4.358787878787879322e+01 1.641157601967315194e-01
4.449595959595959727e+01 1.471327688349663432e-01
4.540404040404040842e+01 1.285256598298675779e-01
4.631212121212121247e+01 1.098376374648594028e-01
4.722020202020202362e+01 9.114961509985104737e-02
4.812828282828283477e+01 7.358842814789291753e-02
4.903636363636363882e+01 5.643575496973773920e-02
4.994444444444444997e+01 3.928308179158242902e-02
5.085252525252525402e+01 2.492947117489820869e-02
5.176060606060606517e+01 1.055638021503025811e-02
5.266868686868687632e+01 -5.358537533623824838e-03
5.357676767676768037e+01 -2.127345528227778809e-02
5.448484848484849152e+01 -3.718837303093186497e-02
5.539292929292929557e+01 -5.158007504544043914e-02
5.630101010101010672e+01 -6.535892910707113979e-02
5.720909090909091077e+01 -7.858852637540053587e-02
5.811717171717172192e+01 -9.341073455225451516e-02
5.902525252525253308e+01 -1.082329427291084806e-01
5.993333333333333712e+01 -1.230551509059623488e-01
6.084141414141414828e+01 -1.362372247046729767e-01
6.174949494949495232e+01 -1.487716823326498961e-01
6.265757575757576348e+01 -1.633092222909637847e-01
6.356565656565656752e+01 -1.778467622492775901e-01
6.447373737373737868e+01 -1.922182274702692595e-01
6.538181818181818983e+01 -2.061416512106096499e-01
6.628989898989900098e+01 -2.214854301061844333e-01
6.719797979797979792e+01 -2.368292090017589668e-01
6.810606060606060908e+01 -2.515180631895875263e-01
6.901414141414142023e+01 -2.651704625504397450e-01
6.992222222222223138e+01 -2.813511259926585462e-01
7.083030303030304253e+01 -2.980905402539993920e-01
7.173838383838383947e+01 -3.148299545153399048e-01
7.264646464646465063e+01 -3.309848325867407182e-01
7.355454545454546178e+01 -3.481085574632594160e-01
7.446262626262627293e+01 -3.675230359391019053e-01
7.537070707070706987e+01 -3.869375144149440615e-01
7.627878787878788103e+01 -4.058391018199390965e-01
7.718686868686869218e+01 -4.254720515386106738e-01
7.809494949494950333e+01 -4.458419148916258345e-01
7.900303030303031449e+01 -4.681649983836241313e-01
7.991111111111111143e+01 -4.918357371872367212e-01
8.081919191919192258e+01 -5.147082179114145228e-01
8.172727272727273373e+01 -5.390720713769635575e-01
8.263535353535354488e+01 -5.649394849396925933e-01
8.354343434343435604e+01 -5.908068985024216291e-01
8.445151515151515298e+01 -6.169806641236526001e-01
8.535959595959596413e+01 -6.447595690962888426e-01
8.626767676767677528e+01 -6.729919613237274056e-01
8.717575757575758644e+01 -7.019910941804432536e-01
8.808383838383839759e+01 -7.316435519610419158e-01
8.899191919191919453e+01 -7.618699241444171211e-01
8.990000000000000568e+01 -7.921022906799541907e-01
