0.000000000000000000e+00 -9.854041481923607737e-01
9.080808080808081550e-01 -9.742080195641613649e-01
1.816161616161616310e+00 -9.587528288760804873e-01
2.724242424242424576e+00 -9.396739407376226705e-01
3.632323232323232620e+00 -9.015316917638915850e-01
4.540404040404040664e+00 -8.570493199580710986e-01
5.448484848484849152e+00 -8.091384034141673176e-01
6.356565656565656752e+00 -7.491605924332386257e-01
7.264646464646465240e+00 -6.783589592390570910e-01
8.172727272727273728e+00 -6.088866342509081653e-01
9.080808080808081328e+00 -5.396555651660328579e-01
9.988888888888888928e+00 -4.628629220567939129e-01
1.089696969696969830e+01 -3.860702789475548569e-01
1.180505050505050590e+01 -3.078949100157722940e-01
1.271313131313131350e+01 -2.301758693267262346e-01
1.362121212121212288e+01 -1.526172473718327982e-01
1.452929292929293048e+01 -7.536552084385954309e-02
1.543737373737373808e+01 -1.237157832315052830e-03
1.634545454545454746e+01 7.248372547629597373e-02
1.725353535353535506e+01 1.423516654843106632e-01
1.816161616161616266e+01 2.058400425208759266e-01
1.906969696969697026e+01 2.685764997634921269e-01
1.997777777777777786e+01 3.275085544831076723e-01
2.088585858585858901e+01 3.826560338338125811e-01
2.179393939393939661e+01 4.319909055747217508e-01
2.270202020202020421e+01 4.819877823664253103e-01
2.361010101010101181e+01 5.319348407421228275e-01
2.451818181818181941e+01 5.722831466950228929e-01
2.542626262626262701e+01 6.117017531228965410e-01
2.633434343434343816e+01 6.514165781474592354e-01
2.724242424242424576e+01 6.835137589491978583e-01
2.815050505050505336e+01 7.161809927438458345e-01
2.905858585858586096e+01 7.481519976788036930e-01
2.996666666666666856e+01 7.736738540138768938e-01
3.087474747474747616e+01 7.987357579967486743e-01
3.178282828282828376e+01 8.215631614669082206e-01
3.269090909090909491e+01 8.405747808328747350e-01
3.359898989898989896e+01 8.595864001988409164e-01
3.450707070707071011e+01 8.775755441476500440e-01
3.541515151515152127e+01 8.942992880098254993e-01
3.632323232323232531e+01 9.070047887887751070e-01
3.723131313131313647e+01 9.197374013971699735e-01
3.813939393939394051e+01 9.327364460523384082e-01
3.904747474747475167e+01 9.426029248931289128e-01
3.995555555555555571e+01 9.517603030547926446e-01
4.086363636363636687e+01 9.607024098302496817e-01
4.177171717171717802e+01 9.673038545907166608e-01
4.267979797979798207e+01 9.736599202298857891e-01
4.358787878787879322e+01 9.797058684629347258e-01
4.449595959595959727e+01 9.841049746254046937e-01
4.540404040404040842e+01 9.878560436081609275e-01
4.631212121212121247e+01 9.915365868278831485e-01
4.722020202020202362e+01 9.942052764334122772e-01
4.812828282828283477e+01 9.958917647187979227e-01
4.903636363636363882e+01 9.975567859475783505e-01
4.994444444444444997e+01 9.992160239724089399e-01
5.085252525252525402e+01 9.994618871252187731e-01
5.176060606060606517e+01 9.996331247150681554e-01
5.266868686868687632e+01 9.995687872510364835e-01
5.357676767676768037e+01 9.985760393717153516e-01
5.448484848484849152e+01 9.973081846116758076e-01
5.539292929292929557e+01 9.960210091492661677e-01
5.630101010101010672e+01 9.946374127410875232e-01
5.720909090909091077e+01 9.924128795352422650e-01
5.811717171717172192e+01 9.897093373317055187e-01
5.902525252525253308e+01 9.869131711068988011e-01
5.993333333333333712e+01 9.840458407311154510e-01
6.084141414141414828e+01 9.804603267228932939e-01
6.174949494949495232e+01 9.761065541984729199e-01
6.265757575757576348e+01 9.716927948598920173e-01
6.356565656565656752e+01 9.672790355213112257e-01
6.447373737373737868e+01 9.625578286617678669e-01
6.538181818181818983e+01 9.570778595589612969e-01
6.628989898989900098e+01 9.509251536126075433e-01
6.719797979797979792e+01 9.448733479132176427e-01
6.810606060606060908e+01 9.386237518064173280e-01
6.901414141414142023e+01 9.308579795798598289e-01
6.992222222222223138e+01 9.228882379002352199e-01
7.083030303030304253e+01 9.143099509606006370e-01
7.173838383838383947e+01 9.044292802525092378e-01
7.264646464646465063e+01 8.943652629352305539e-01
7.355454545454546178e+01 8.835662229145540003e-01
7.446262626262627293e+01 8.703088993226651970e-01
7.537070707070706987e+01 8.571289182227834758e-01
7.627878787878788103e+01 8.441135259550086589e-01
7.718686868686869218e+01 8.279202175141799902e-01
7.809494949494950333e+01 8.105287218346542977e-01
7.900303030303031449e+01 7.913905195663050174e-01
7.991111111111111143e+01 7.696232242014668934e-01
8.081919191919192258e+01 7.459403419603461982e-01
8.172727272727273373e+01 7.214365407829779198e-01
8.263535353535354488e+01 6.932455944461494157e-01
8.354343434343435604e+01 6.573866138268640302e-01
8.445151515151515298e+01 6.185872430129698563e-01
8.535959595959596413e+01 5.797151681046757155e-01
8.626767676767677528e+01 5.386044041575024366e-01
8.717575757575758644e+01 4.933168087666062185e-01
8.808383838383839759e+01 4.316193378303349593e-01
8.899191919191919453e+01 3.666019443829172664e-01
8.990000000000000568e+01 3.004289087601805797e-01
