0.000000000000000000e+00 7.901422513391169813e-03
9.080808080808081550e-01 9.860863584791121350e-02
1.816161616161616310e+00 1.856103579795769232e-01
2.724242424242424576e+00 2.629746194439325224e-01
3.632323232323232620e+00 3.391842111955033490e-01
4.540404040404040664e+00 4.153938029470740645e-01
5.448484848484849152e+00 4.902124379381361807e-01
6.356565656565656752e+00 5.475653862538780725e-01
7.264646464646465240e+00 5.970093634921692649e-01
8.172727272727273728e+00 6.464533407304602353e-01
9.080808080808081328e+00 6.958973179687514277e-01
9.988888888888888928e+00 7.337449742734548641e-01
1.089696969696969830e+01 7.550753572177245632e-01
1.180505050505050590e+01 7.764057401619942622e-01
1.271313131313131350e+01 7.977361231062640723e-01
1.362121212121212288e+01 8.059611697907895778e-01
1.452929292929293048e+01 8.080096412361257308e-01
1.543737373737373808e+01 8.078008002795270537e-01
1.634545454545454746e+01 7.993819934240028457e-01
1.725353535353535506e+01 7.902950959721937174e-01
1.816161616161616266e+01 7.809006181512366807e-01
1.906969696969697026e+01 7.682539541285698936e-01
1.997777777777777786e+01 7.490611606481992757e-01
2.088585858585858901e+01 7.266998728940069485e-01
2.179393939393939661e+01 7.044649948847658827e-01
2.270202020202020421e+01 6.823988745613306373e-01
2.361010101010101181e+01 6.600601770498293330e-01
2.451818181818181941e+01 6.344713435223950926e-01
2.542626262626262701e+01 6.103782796093738527e-01
2.633434343434343816e+01 5.860531482228572564e-01
2.724242424242424576e+01 5.605324670316174096e-01
2.815050505050505336e+01 5.350117858403775628e-01
2.905858585858586096e+01 5.086514156310183443e-01
2.996666666666666856e+01 4.832848046322905100e-01
3.087474747474747616e+01 4.579183841738222460e-01
3.178282828282828376e+01 4.325519637153539820e-01
3.269090909090909491e+01 4.092879587737079938e-01
3.359898989898989896e+01 3.857770277316995844e-01
3.450707070707071011e+01 3.599947648733395345e-01
3.541515151515152127e+01 3.367481217736325583e-01
3.632323232323232531e+01 3.147460068701221081e-01
3.723131313131313647e+01 2.927093446968552226e-01
3.813939393939394051e+01 2.705648598530530080e-01
3.904747474747475167e+01 2.487811146159987497e-01
3.995555555555555571e+01 2.269973693789446301e-01
4.086363636363636687e+01 2.071823505578198887e-01
4.177171717171717802e+01 1.876431308665093556e-01
4.267979797979798207e+01 1.676672547204275665e-01
4.358787878787879322e+01 1.490015098145976435e-01
4.449595959595959727e+01 1.304210493381146863e-01
4.540404040404040842e+01 1.121303898149325490e-01
4.631212121212121247e+01 9.531480255811831948e-02
4.722020202020202362e+01 7.847515355974987727e-02
4.812828282828283477e+01 6.097281273322979062e-02
4.903636363636363882e+01 4.517923817357436672e-02
4.994444444444444997e+01 2.943531079068013520e-02
5.085252525252525402e+01 1.385383275455192437e-02
5.176060606060606517e+01 -8.455046608630569470e-04
5.266868686868687632e+01 -1.608364717228342664e-02
5.357676767676768037e+01 -3.104883728053158681e-02
5.448484848484849152e+01 -4.487542968697934981e-02
5.539292929292929557e+01 -5.868620131765134307e-02
5.630101010101010672e+01 -7.236636073502417110e-02
5.720909090909091077e+01 -8.644248192656278640e-02
5.811717171717172192e+01 -1.007068352703977265e-01
5.902525252525253308e+01 -1.144844248501393907e-01
5.993333333333333712e+01 -1.273798718860755241e-01
6.084141414141414828e+01 -1.402753189220117269e-01
6.174949494949495232e+01 -1.536563301636852674e-01
6.265757575757576348e+01 -1.678772066183286671e-01
6.356565656565656752e+01 -1.820980830729719280e-01
6.447373737373737868e+01 -1.961206561828539030e-01
6.538181818181818983e+01 -2.098904674073724941e-01
6.628989898989900098e+01 -2.236980002659486044e-01
6.719797979797979792e+01 -2.382013052238949047e-01
6.810606060606060908e+01 -2.535069253673909451e-01
6.901414141414142023e+01 -2.686284684823379010e-01
6.992222222222223138e+01 -2.839085633747838733e-01
7.083030303030304253e+01 -2.996980475621798812e-01
7.173838383838383947e+01 -3.157955055700433222e-01
7.264646464646465063e+01 -3.322137783968154290e-01
7.355454545454546178e+01 -3.500907466393567979e-01
7.446262626262627293e+01 -3.679677148818982779e-01
7.537070707070706987e+01 -3.859698807213174376e-01
7.627878787878788103e+01 -4.066091832847182896e-01
7.718686868686869218e+01 -4.272055416528181548e-01
7.809494949494950333e+01 -4.478019000209180756e-01
7.900303030303031449e+01 -4.710222931199856133e-01
7.991111111111111143e+01 -4.946214217280729963e-01
8.081919191919192258e+01 -5.182061232970716080e-01
8.172727272727273373e+01 -5.435831900132144234e-01
8.263535353535354488e+01 -5.699754360444453383e-01
8.354343434343435604e+01 -5.966697278601045262e-01
8.445151515151515298e+01 -6.237073718562838875e-01
8.535959595959596413e+01 -6.510343519350736408e-01
8.626767676767677528e+01 -6.783613320138631719e-01
8.717575757575758644e+01 -7.063479256075488877e-01
8.808383838383839759e+01 -7.335115905898280664e-01
8.899191919191919453e+01 -7.606752555721068010e-01
8.990000000000000568e+01 -7.878389205543860907e-01
