0.000000000000000000e+00 4.410397134386341393e-03
9.241414141414140415e-01 6.325370101087282593e-02
1.848282828282828083e+00 1.220997176215444652e-01
2.772424242424242014e+00 1.823336327964592274e-01
3.696565656565656166e+00 2.425967679321402448e-01
4.620707070707069875e+00 2.970364657416731946e-01
5.544848484848484027e+00 3.468221673730802479e-01
6.468989898989898180e+00 3.961540681719145640e-01
7.393131313131312332e+00 4.350395162677217487e-01
8.317272727272726485e+00 4.718821129318355179e-01
9.241414141414139749e+00 5.058327256982717568e-01
1.016555555555555479e+01 5.365301802348015903e-01
1.108969696969696805e+01 5.585410322649505543e-01
1.201383838383838309e+01 5.789702176201853012e-01
1.293797979797979636e+01 5.926231024082240229e-01
1.386212121212121140e+01 6.035355050259989529e-01
1.478626262626262466e+01 6.111151972788708697e-01
1.571040404040403793e+01 6.123277466611223296e-01
1.663454545454545297e+01 6.140105199372031253e-01
1.755868686868686623e+01 6.111728334937009954e-01
1.848282828282827950e+01 6.056990398510809781e-01
1.940696969696969632e+01 5.993431960571525829e-01
2.033111111111110958e+01 5.917683911389517437e-01
2.125525252525252284e+01 5.808163153770571352e-01
2.217939393939393611e+01 5.667588702930355105e-01
2.310353535353534937e+01 5.534397977031002558e-01
2.402767676767676619e+01 5.378179010190832221e-01
2.495181818181817945e+01 5.215579874410339878e-01
2.587595959595959272e+01 5.052316872186989327e-01
2.680010101010100598e+01 4.868771777333774087e-01
2.772424242424242280e+01 4.682487907968631013e-01
2.864838383838383606e+01 4.498811678449555207e-01
2.957252525252524933e+01 4.319988690405389686e-01
3.049666666666666259e+01 4.133352456000334851e-01
3.142080808080807586e+01 3.932187751194430314e-01
3.234494949494948912e+01 3.736931944362000269e-01
3.326909090909090594e+01 3.543264991349887039e-01
3.419323232323232276e+01 3.349851651152245813e-01
3.511737373737373247e+01 3.158924911948555181e-01
3.604151515151514928e+01 2.969242967281173762e-01
3.696565656565655900e+01 2.778181029842975436e-01
3.788979797979797581e+01 2.586499774648499672e-01
3.881393939393939263e+01 2.406047925521397901e-01
3.973808080808080234e+01 2.225766226313906360e-01
4.066222222222221916e+01 2.043536876799948165e-01
4.158636363636362887e+01 1.863937329816258703e-01
4.251050505050504569e+01 1.688439807188331643e-01
4.343464646464646250e+01 1.514453038043649113e-01
4.435878787878787222e+01 1.340520425481115940e-01
4.528292929292928903e+01 1.168318201149708552e-01
4.620707070707069875e+01 1.003550850827643615e-01
4.713121212121211556e+01 8.402887019558472059e-02
4.805535353535353238e+01 6.817513519781662201e-02
4.897949494949494209e+01 5.221462532885260549e-02
4.990363636363635891e+01 3.687322420878556828e-02
5.082777777777777573e+01 2.171337008477340624e-02
5.175191919191918544e+01 6.558516469738937330e-03
5.267606060606060225e+01 -8.645088085900866706e-03
5.360020202020201197e+01 -2.346417732384173740e-02
5.452434343434342878e+01 -3.780915013055635016e-02
5.544848484848484560e+01 -5.172302629141466157e-02
5.637262626262625531e+01 -6.574866506206698824e-02
5.729676767676767213e+01 -7.977821694558012711e-02
5.822090909090908184e+01 -9.343301826469864457e-02
5.914505050505049866e+01 -1.067764409486828686e-01
6.006919191919191547e+01 -1.201216416991361252e-01
6.099333333333332519e+01 -1.332184719853152233e-01
6.191747474747474200e+01 -1.461468109058244036e-01
6.284161616161615171e+01 -1.591747799663646434e-01
6.376575757575756853e+01 -1.722432654002459540e-01
6.468989898989897824e+01 -1.852365360012838413e-01
6.561404040404039506e+01 -1.981500177110540606e-01
6.653818181818181188e+01 -2.111566841182228038e-01
6.746232323232322869e+01 -2.239942989959877451e-01
6.838646464646464551e+01 -2.367596989614423331e-01
6.931060606060604812e+01 -2.496912165480640877e-01
7.023474747474746493e+01 -2.625599368507228193e-01
7.115888888888888175e+01 -2.753591408439828303e-01
7.208303030303029857e+01 -2.882633848993514936e-01
7.300717171717171539e+01 -3.014333384024526774e-01
7.393131313131311799e+01 -3.146127586664196896e-01
7.485545454545453481e+01 -3.278096411438217173e-01
7.577959595959595163e+01 -3.409967453295899009e-01
7.670373737373736844e+01 -3.544558044397546626e-01
7.762787878787878526e+01 -3.681312356013080045e-01
7.855202020202018787e+01 -3.817488969832914525e-01
7.947616161616160468e+01 -3.952053921556434313e-01
8.040030303030302150e+01 -4.089758860823345388e-01
8.132444444444443832e+01 -4.227224069017269659e-01
8.224858585858585514e+01 -4.364494701996382564e-01
8.317272727272725774e+01 -4.502720823237905678e-01
8.409686868686867456e+01 -4.631775383860693429e-01
8.502101010101009138e+01 -4.760172170848533946e-01
8.594515151515150819e+01 -4.885961683853514703e-01
8.686929292929292501e+01 -5.004639434964390787e-01
8.779343434343432762e+01 -5.119313773281090052e-01
8.871757575757574443e+01 -5.212849577483422703e-01
8.964171717171716125e+01 -5.303499121622616830e-01
9.056585858585857807e+01 -5.361694746030331027e-01
9.148999999999999488e+01 -5.401680012249693297e-01
